mean,sd,hdi_3%,hdi_97%,mcse_mean,mcse_sd,ess_bulk,ess_tail,r_hat
-4.617,1.393,-7.48,-2.164,0.032,0.022,1968.0,1407.0,1.0
-0.789,0.934,-2.64,0.92,0.02,0.018,2163.0,1432.0,1.0
-0.368,0.885,-2.019,1.339,0.016,0.022,3028.0,1267.0,1.0
-0.093,0.884,-1.797,1.558,0.014,0.021,3713.0,1489.0,1.0
0.121,0.912,-1.666,1.769,0.016,0.021,3438.0,1513.0,1.0
0.39,0.894,-1.213,2.065,0.016,0.017,3060.0,1536.0,1.0
0.752,0.87,-0.874,2.361,0.017,0.016,2683.0,1573.0,1.0
1.406,0.754,0.051,2.838,0.014,0.011,3092.0,1706.0,1.0
1.709,0.661,0.45,2.87,0.02,0.015,1187.0,1091.0,1.0
1.545,0.486,0.705,2.441,0.023,0.016,459.0,776.0,1.0
0.849,0.273,0.397,1.378,0.013,0.009,411.0,839.0,1.0
0.81,0.24,0.377,1.235,0.013,0.009,370.0,739.0,1.01
0.534,0.16,0.268,0.842,0.008,0.006,395.0,716.0,1.01
0.557,0.16,0.27,0.84,0.008,0.006,363.0,673.0,1.01
0.382,0.117,0.183,0.611,0.006,0.004,391.0,760.0,1.0
0.345,0.104,0.152,0.535,0.005,0.004,419.0,725.0,1.01
0.283,0.09,0.132,0.458,0.004,0.003,448.0,783.0,1.01
0.133,0.064,0.026,0.262,0.002,0.002,877.0,718.0,1.0
-0.153,0.069,-0.279,-0.032,0.003,0.002,614.0,754.0,1.0
-0.004,0.999,-2.0,1.76,0.015,0.024,4468.0,1513.0,1.0
0.032,0.958,-1.7,1.86,0.016,0.023,3806.0,1562.0,1.0
0.191,0.981,-1.714,1.965,0.014,0.023,4822.0,1539.0,1.0
0.118,0.954,-1.655,1.933,0.012,0.022,5875.0,1648.0,1.0
0.181,0.988,-1.721,1.92,0.016,0.023,3792.0,1603.0,1.0
0.072,0.972,-1.666,1.924,0.017,0.027,3447.0,1338.0,1.0
-0.082,0.978,-1.878,1.652,0.017,0.024,3502.0,1661.0,1.0
0.057,0.962,-1.796,1.732,0.015,0.022,3919.0,1536.0,1.01
0.265,0.965,-1.666,1.961,0.017,0.022,3354.0,1364.0,1.0
0.275,0.936,-1.496,1.98,0.017,0.022,3210.0,1300.0,1.0
0.336,0.952,-1.417,2.224,0.014,0.022,4342.0,1353.0,1.0
0.414,0.921,-1.247,2.229,0.015,0.02,3811.0,1357.0,1.01
0.398,0.982,-1.402,2.24,0.015,0.021,4103.0,1625.0,1.0
0.384,0.92,-1.28,2.138,0.015,0.019,3696.0,1348.0,1.01
0.364,0.989,-1.414,2.321,0.016,0.024,3900.0,1418.0,1.0
0.44,0.97,-1.428,2.269,0.016,0.02,3846.0,1544.0,1.0
0.157,0.927,-1.554,1.854,0.016,0.023,3576.0,1242.0,1.0
-0.017,0.952,-1.821,1.697,0.013,0.023,5789.0,1441.0,1.0
-0.066,0.946,-1.916,1.606,0.014,0.022,4398.0,1568.0,1.0
-0.059,0.962,-1.839,1.813,0.014,0.029,4981.0,1065.0,1.0
-0.283,0.989,-2.036,1.654,0.017,0.02,3535.0,1410.0,1.0
-0.266,0.959,-2.118,1.421,0.016,0.024,3686.0,1299.0,1.0
-0.244,0.962,-1.983,1.612,0.015,0.021,4085.0,1469.0,1.0
-0.385,0.962,-2.169,1.378,0.016,0.02,3856.0,1622.0,1.01
-0.351,0.969,-2.198,1.429,0.015,0.022,3915.0,1452.0,1.0
-0.377,0.958,-2.227,1.468,0.014,0.022,4941.0,1428.0,1.0
-0.359,0.949,-2.225,1.338,0.016,0.022,3592.0,1247.0,1.0
-0.247,0.974,-1.967,1.746,0.016,0.022,3745.0,1541.0,1.0
-0.095,0.96,-1.873,1.682,0.015,0.025,3984.0,1212.0,1.0
-0.108,0.978,-1.898,1.763,0.017,0.023,3517.0,1508.0,1.01
-0.054,0.969,-1.973,1.677,0.017,0.024,3071.0,1356.0,1.0
-0.128,0.951,-1.892,1.69,0.015,0.021,3842.0,1566.0,1.0
0.008,0.955,-1.802,1.847,0.013,0.028,5213.0,1169.0,1.01
0.009,0.92,-1.764,1.617,0.014,0.024,4093.0,1416.0,1.0
0.15,0.949,-1.59,2.03,0.015,0.027,4203.0,1187.0,1.0
0.193,0.968,-1.459,2.064,0.015,0.022,4177.0,1459.0,1.0
0.225,0.985,-1.823,1.913,0.012,0.028,6528.0,1230.0,1.0
0.145,0.945,-1.612,1.897,0.016,0.029,3614.0,978.0,1.01
0.288,0.956,-1.463,2.066,0.015,0.022,4313.0,1524.0,1.0
0.268,0.953,-1.673,1.886,0.016,0.023,3571.0,1421.0,1.0
0.378,0.947,-1.496,2.094,0.015,0.021,3782.0,1562.0,1.0
0.256,0.96,-1.622,1.972,0.017,0.022,3382.0,1401.0,1.0
0.28,0.922,-1.42,2.061,0.015,0.022,3920.0,1219.0,1.0
0.261,0.915,-1.534,1.931,0.016,0.021,3339.0,1577.0,1.0
0.298,0.977,-1.415,2.173,0.016,0.02,3903.0,1526.0,1.0
0.254,1.001,-1.625,2.208,0.015,0.024,4295.0,1278.0,1.0
0.242,0.964,-1.601,2.02,0.014,0.023,4834.0,1308.0,1.01
0.204,0.963,-1.605,1.961,0.014,0.027,4904.0,1274.0,1.0
-0.047,0.968,-1.866,1.775,0.015,0.024,4079.0,1620.0,1.0
-0.125,0.965,-1.899,1.67,0.014,0.027,4543.0,1228.0,1.0
-0.338,0.962,-2.1,1.47,0.015,0.021,4315.0,1364.0,1.0
-0.206,0.977,-1.969,1.639,0.016,0.027,3584.0,1166.0,1.0
-0.016,1.006,-1.83,1.959,0.017,0.025,3635.0,1565.0,1.0
-0.006,0.996,-1.794,1.845,0.015,0.026,4443.0,1103.0,1.0
-0.028,1.028,-1.982,1.93,0.016,0.026,4378.0,1446.0,1.01
-0.014,0.931,-1.733,1.742,0.014,0.023,4384.0,1743.0,1.0
-0.066,1.016,-1.851,1.861,0.016,0.022,4063.0,1478.0,1.0
-0.036,1.007,-2.147,1.65,0.014,0.025,5420.0,1471.0,1.0
-0.144,1.004,-1.973,1.809,0.014,0.028,5403.0,1322.0,1.0
-0.285,1.049,-2.402,1.564,0.015,0.027,4838.0,1377.0,1.01
-0.279,1.021,-2.248,1.641,0.016,0.025,4375.0,1018.0,1.0
-0.232,0.988,-2.004,1.751,0.014,0.022,5084.0,1522.0,1.0
-0.163,1.017,-2.031,1.826,0.016,0.026,4292.0,1355.0,1.0
-0.153,0.996,-1.974,1.778,0.014,0.023,4766.0,1585.0,1.01
-0.108,0.967,-1.926,1.677,0.015,0.024,3981.0,1465.0,1.0
-0.083,0.918,-1.818,1.555,0.014,0.023,4160.0,1473.0,1.0
-0.13,0.965,-1.991,1.56,0.015,0.026,4113.0,1301.0,1.0
-0.118,1.017,-1.878,1.911,0.018,0.023,3048.0,1473.0,1.0
-0.058,0.983,-1.955,1.702,0.016,0.023,3593.0,1450.0,1.0
-0.114,0.983,-1.943,1.716,0.016,0.026,3734.0,1360.0,1.0
-0.162,1.06,-2.121,1.826,0.016,0.027,4454.0,1263.0,1.0
-0.113,0.991,-1.809,1.885,0.014,0.026,5253.0,1621.0,1.0
-0.092,0.958,-1.884,1.561,0.015,0.025,3793.0,1458.0,1.0
-0.187,1.018,-2.167,1.666,0.017,0.029,3808.0,1330.0,1.0
-0.22,0.995,-1.959,1.822,0.016,0.022,4035.0,1453.0,1.0
-0.181,0.99,-2.026,1.658,0.015,0.027,4611.0,1466.0,1.0
-0.219,0.973,-2.04,1.616,0.015,0.026,4153.0,1247.0,1.01
-0.023,0.94,-1.758,1.798,0.013,0.024,5503.0,1385.0,1.0
-0.058,1.018,-1.914,1.878,0.015,0.029,4571.0,1254.0,1.0
-0.07,0.974,-1.957,1.699,0.013,0.027,5302.0,1555.0,1.0
0.04,0.999,-1.757,1.961,0.015,0.027,4439.0,1112.0,1.01
0.117,0.965,-1.748,1.93,0.015,0.022,4119.0,1549.0,1.0
0.145,0.972,-1.671,1.962,0.014,0.024,4582.0,1413.0,1.0
0.122,0.991,-1.591,2.086,0.016,0.024,4026.0,1388.0,1.0
0.048,1.019,-1.715,2.143,0.015,0.027,4967.0,1353.0,1.0
0.03,0.958,-1.77,1.781,0.016,0.022,3684.0,1567.0,1.0
0.012,0.937,-1.643,1.835,0.016,0.022,3448.0,1671.0,1.01
0.038,1.039,-1.921,1.917,0.015,0.028,4747.0,1375.0,1.0
0.025,0.99,-1.779,1.872,0.014,0.025,5228.0,1573.0,1.0
0.046,0.986,-1.804,1.916,0.017,0.026,3409.0,1503.0,1.0
0.01,0.956,-1.672,1.822,0.015,0.024,4250.0,1588.0,1.0
-0.024,0.98,-1.806,1.942,0.013,0.028,5533.0,1363.0,1.0
0.064,0.956,-1.566,1.982,0.016,0.022,3510.0,1489.0,1.0
0.098,0.999,-1.683,2.005,0.015,0.026,4494.0,1334.0,1.0
0.013,0.978,-1.871,1.761,0.017,0.024,3508.0,1509.0,1.0
0.149,0.937,-1.497,1.991,0.015,0.021,3754.0,1575.0,1.0
0.162,0.959,-1.519,2.008,0.015,0.024,3913.0,1233.0,1.0
0.176,0.97,-1.684,1.926,0.014,0.024,5120.0,1510.0,1.0
0.146,0.963,-1.635,1.895,0.017,0.023,3065.0,1263.0,1.0
0.182,0.973,-1.625,1.976,0.015,0.027,4227.0,1321.0,1.0
0.177,1.004,-1.778,2.02,0.017,0.027,3336.0,1311.0,1.0
0.168,0.974,-1.621,2.001,0.014,0.022,4750.0,1499.0,1.0
0.168,0.967,-1.644,1.917,0.015,0.023,4001.0,1304.0,1.0
0.168,0.982,-1.681,2.022,0.015,0.023,4011.0,1519.0,1.0
0.147,0.97,-1.845,1.776,0.016,0.023,3924.0,1337.0,1.0
0.071,0.934,-1.594,1.845,0.016,0.022,3653.0,1568.0,1.0
0.034,0.99,-1.718,1.994,0.016,0.024,4004.0,1477.0,1.0
-0.037,0.959,-1.944,1.683,0.015,0.024,4244.0,1420.0,1.0
0.026,0.991,-1.616,2.135,0.015,0.024,4355.0,1374.0,1.0
0.099,1.02,-1.828,1.946,0.017,0.025,3746.0,1284.0,1.0
0.056,0.959,-1.67,1.779,0.014,0.023,4933.0,1437.0,1.0
0.082,1.01,-1.863,1.863,0.014,0.028,5540.0,1358.0,1.0
0.112,0.968,-1.694,1.937,0.014,0.024,4672.0,1399.0,1.0
0.145,1.002,-1.654,2.079,0.015,0.023,4207.0,1750.0,1.0
0.195,0.918,-1.444,1.989,0.014,0.023,4187.0,1649.0,1.0
0.208,0.931,-1.784,1.832,0.014,0.021,4139.0,1596.0,1.01
0.292,1.021,-1.562,2.266,0.016,0.025,4090.0,1294.0,1.01
0.242,1.011,-1.801,2.083,0.013,0.027,5649.0,1321.0,1.0
0.166,0.98,-1.679,2.005,0.013,0.026,5797.0,1302.0,1.01
0.086,0.996,-1.665,2.033,0.016,0.026,3635.0,1328.0,1.0
0.144,0.987,-1.626,2.064,0.015,0.024,4297.0,1350.0,1.0
0.12,1.004,-1.758,1.937,0.014,0.026,5390.0,1476.0,1.0
0.122,0.996,-1.631,2.003,0.015,0.026,4699.0,1407.0,1.01
0.129,0.966,-1.638,2.004,0.014,0.024,4504.0,1464.0,1.0
-0.033,1.005,-1.848,1.956,0.015,0.026,4757.0,1157.0,1.0
-0.009,0.957,-1.834,1.794,0.014,0.023,4567.0,1613.0,1.01
0.044,1.033,-1.881,1.959,0.014,0.03,5099.0,1321.0,1.0
0.017,0.961,-2.011,1.675,0.016,0.025,3757.0,1269.0,1.0
-0.01,1.038,-2.058,1.869,0.017,0.033,3539.0,1254.0,1.01
0.035,0.969,-1.615,1.948,0.014,0.027,4590.0,1514.0,1.0
0.015,0.993,-1.872,1.809,0.015,0.025,4231.0,1467.0,1.0
0.02,1.012,-1.899,1.84,0.017,0.023,3764.0,1600.0,1.0
-0.031,1.006,-1.907,1.914,0.015,0.025,4443.0,1510.0,1.0
-0.077,0.971,-1.822,1.854,0.015,0.025,4029.0,1484.0,1.0
-0.024,0.973,-1.764,1.912,0.015,0.024,4353.0,1486.0,1.0
-0.022,1.006,-1.874,1.852,0.015,0.027,4825.0,1379.0,1.0
-0.018,0.968,-1.817,1.766,0.017,0.024,3243.0,1285.0,1.0
0.006,1.0,-1.836,1.874,0.015,0.026,4297.0,1454.0,1.0
-0.036,0.98,-1.813,1.806,0.015,0.034,4551.0,930.0,1.0
-0.029,1.033,-1.914,1.906,0.015,0.026,4591.0,1535.0,1.0
-0.048,0.992,-1.961,1.704,0.02,0.02,2526.0,1863.0,1.0
-0.002,1.007,-1.918,1.779,0.015,0.025,4628.0,1447.0,1.0
-0.026,0.981,-1.805,1.841,0.014,0.025,4644.0,1616.0,1.0
0.001,1.003,-1.734,1.94,0.017,0.031,3599.0,1106.0,1.0
-0.054,0.969,-1.766,1.877,0.015,0.023,3876.0,1353.0,1.0
-0.02,1.001,-1.796,1.88,0.016,0.026,3990.0,1279.0,1.01
-0.013,1.027,-1.911,1.767,0.015,0.027,4615.0,1370.0,1.0
-0.022,1.011,-1.919,1.861,0.016,0.025,4238.0,1265.0,1.0
-0.01,0.983,-1.94,1.832,0.013,0.026,5872.0,1327.0,1.01
0.005,0.956,-1.847,1.746,0.016,0.022,3522.0,1590.0,1.0
0.008,0.963,-1.715,1.96,0.015,0.026,4119.0,1305.0,1.0
-0.006,1.021,-1.782,2.11,0.016,0.027,3959.0,1373.0,1.0
0.002,1.021,-1.938,1.861,0.015,0.028,4737.0,1249.0,1.0
0.011,1.003,-1.841,1.885,0.016,0.025,3808.0,1359.0,1.0
0.023,0.983,-1.903,1.783,0.016,0.024,3786.0,1376.0,1.0
-0.039,0.984,-1.815,1.905,0.016,0.023,3916.0,1485.0,1.0
-0.013,1.003,-1.898,1.903,0.013,0.026,5875.0,1396.0,1.0
0.024,0.974,-1.731,1.904,0.014,0.024,4796.0,1504.0,1.0
-0.003,1.011,-1.776,2.04,0.015,0.026,4411.0,1233.0,1.0
-0.02,0.958,-1.765,1.774,0.016,0.022,3427.0,1374.0,1.0
-0.007,0.974,-1.907,1.722,0.015,0.027,4312.0,1545.0,1.0
-0.013,1.018,-1.858,1.836,0.015,0.026,4414.0,1587.0,1.0
-0.018,0.979,-1.877,1.8,0.014,0.024,4844.0,1620.0,1.0
-0.007,0.997,-1.895,1.776,0.015,0.027,4582.0,1330.0,1.0
-0.024,0.99,-1.897,1.866,0.015,0.027,4536.0,1358.0,1.0
0.006,1.023,-1.705,2.119,0.015,0.027,4643.0,1250.0,1.01
-0.014,0.935,-1.773,1.689,0.013,0.023,4985.0,1496.0,1.0
-0.009,1.0,-1.921,1.823,0.016,0.025,3649.0,1416.0,1.0
-0.01,1.007,-1.986,1.776,0.014,0.025,5338.0,1411.0,1.0
-0.014,1.044,-1.982,1.948,0.016,0.029,4366.0,1207.0,1.0
0.026,0.965,-1.713,1.891,0.015,0.026,4161.0,1355.0,1.0
-0.021,0.998,-1.809,1.933,0.015,0.023,4187.0,1701.0,1.0
-0.002,1.065,-1.998,1.938,0.013,0.03,6602.0,1395.0,1.0
0.002,0.989,-1.776,1.864,0.016,0.025,3863.0,1430.0,1.0
-0.04,1.028,-1.898,1.941,0.017,0.026,3821.0,1482.0,1.0
0.012,0.984,-1.845,1.867,0.016,0.028,4008.0,1251.0,1.0
0.018,0.994,-1.765,1.99,0.013,0.026,5848.0,1546.0,1.0
-0.014,0.997,-1.795,1.918,0.015,0.023,4356.0,1679.0,1.0
-0.007,0.964,-1.827,1.792,0.015,0.026,3890.0,1432.0,1.01
-0.014,0.987,-1.871,1.778,0.014,0.028,4993.0,1193.0,1.01
0.003,0.983,-1.81,1.811,0.015,0.027,4515.0,1356.0,1.0
-0.002,1.013,-1.913,1.852,0.014,0.028,5167.0,1262.0,1.0
-0.008,1.017,-1.91,1.883,0.016,0.024,4388.0,1468.0,1.0
-0.001,1.007,-1.847,1.944,0.014,0.028,4953.0,1309.0,1.01
-0.004,1.0,-1.898,1.882,0.014,0.025,4937.0,1563.0,1.0
-0.001,0.97,-1.825,1.783,0.014,0.025,4638.0,1426.0,1.0
-0.001,1.021,-2.1,1.744,0.014,0.029,5636.0,1277.0,1.0
-0.013,1.007,-1.994,1.806,0.014,0.027,4822.0,1297.0,1.0
-0.006,0.965,-1.96,1.659,0.015,0.024,4428.0,1506.0,1.0
0.002,1.006,-1.895,1.838,0.014,0.024,5321.0,1493.0,1.0
-0.0,1.027,-1.885,1.946,0.014,0.03,5403.0,1333.0,1.0
1.058,0.285,0.585,1.568,0.016,0.011,285.0,485.0,1.01
-0.88,1.072,-3.095,0.966,0.032,0.026,1217.0,1183.0,1.0
-1.292,1.463,-4.002,1.412,0.044,0.036,1143.0,1073.0,1.0
-1.401,1.618,-4.629,1.295,0.049,0.039,1181.0,1216.0,1.0
-1.29,1.749,-4.368,1.961,0.051,0.041,1307.0,1225.0,1.0
-0.901,1.743,-4.19,2.324,0.052,0.041,1235.0,1220.0,1.0
-0.133,1.704,-3.466,2.957,0.049,0.039,1338.0,1430.0,1.0
1.327,1.513,-1.338,4.377,0.036,0.027,1867.0,1386.0,1.0
3.05,1.418,0.31,5.775,0.032,0.023,2013.0,1553.0,1.0
4.584,1.392,2.11,7.405,0.031,0.022,1985.0,1313.0,1.0
5.423,1.393,2.848,8.221,0.032,0.023,1943.0,1358.0,1.0
6.224,1.389,3.637,8.976,0.032,0.022,1935.0,1387.0,1.0
6.753,1.391,4.253,9.612,0.032,0.022,1972.0,1377.0,1.0
7.304,1.389,4.85,10.205,0.032,0.022,1971.0,1366.0,1.0
7.682,1.392,5.221,10.567,0.032,0.022,1950.0,1417.0,1.0
8.024,1.39,5.592,10.942,0.032,0.022,1962.0,1350.0,1.0
8.305,1.39,5.756,11.103,0.032,0.022,1964.0,1375.0,1.0
8.437,1.389,5.999,11.341,0.032,0.022,1968.0,1395.0,1.0
8.286,1.389,5.831,11.151,0.032,0.022,1968.0,1458.0,1.0
0.021,0.012,0.0,0.041,0.0,0.0,681.0,929.0,1.0
0.0,0.024,-0.047,0.047,0.0,0.0,3936.0,1722.0,1.0
0.001,0.033,-0.059,0.071,0.001,0.001,3536.0,1663.0,1.0
0.006,0.04,-0.063,0.09,0.001,0.001,3509.0,1704.0,1.0
0.008,0.044,-0.073,0.096,0.001,0.001,3388.0,1876.0,1.0
0.013,0.048,-0.072,0.11,0.001,0.001,2864.0,1582.0,1.0
0.014,0.05,-0.072,0.12,0.001,0.001,2999.0,1606.0,1.0
0.011,0.053,-0.081,0.123,0.001,0.001,3159.0,1717.0,1.0
0.012,0.055,-0.096,0.117,0.001,0.001,3709.0,1772.0,1.0
0.018,0.056,-0.084,0.132,0.001,0.001,3301.0,1748.0,1.0
0.024,0.058,-0.089,0.129,0.001,0.001,3160.0,1753.0,1.0
0.032,0.058,-0.058,0.166,0.001,0.001,2798.0,1878.0,1.0
0.041,0.06,-0.057,0.161,0.001,0.001,2465.0,1994.0,1.0
0.05,0.062,-0.058,0.166,0.001,0.001,2126.0,2087.0,1.0
0.059,0.065,-0.043,0.193,0.002,0.001,1619.0,1945.0,1.0
0.067,0.069,-0.048,0.211,0.002,0.001,1467.0,1947.0,1.0
0.078,0.075,-0.049,0.22,0.002,0.001,1306.0,1846.0,1.0
0.081,0.076,-0.037,0.233,0.002,0.001,1327.0,1703.0,1.0
0.081,0.076,-0.04,0.23,0.002,0.001,1410.0,1498.0,1.0
0.079,0.075,-0.051,0.222,0.002,0.001,1411.0,1984.0,1.0
0.078,0.076,-0.045,0.228,0.002,0.001,1440.0,2102.0,1.0
0.071,0.074,-0.049,0.221,0.002,0.001,1717.0,1952.0,1.0
0.064,0.073,-0.057,0.211,0.002,0.001,1802.0,1879.0,1.0
0.059,0.072,-0.07,0.195,0.002,0.001,1814.0,1948.0,1.0
0.05,0.07,-0.069,0.195,0.001,0.001,2102.0,1853.0,1.0
0.042,0.068,-0.084,0.176,0.001,0.001,2360.0,1831.0,1.0
0.033,0.066,-0.1,0.158,0.001,0.001,2573.0,1882.0,1.0
0.024,0.067,-0.092,0.167,0.001,0.001,3095.0,1853.0,1.0
0.019,0.066,-0.102,0.158,0.001,0.001,3314.0,1969.0,1.0
0.017,0.067,-0.112,0.151,0.001,0.001,3660.0,1903.0,1.0
0.014,0.069,-0.128,0.142,0.001,0.001,3487.0,2026.0,1.0
0.013,0.069,-0.111,0.157,0.001,0.001,2970.0,1776.0,1.0
0.011,0.07,-0.111,0.164,0.001,0.001,3175.0,1731.0,1.0
0.011,0.07,-0.114,0.156,0.001,0.001,3266.0,1912.0,1.0
0.012,0.071,-0.118,0.16,0.001,0.001,2992.0,1957.0,1.0
0.015,0.071,-0.123,0.155,0.001,0.001,3175.0,2084.0,1.0
0.019,0.073,-0.116,0.167,0.001,0.001,3328.0,1952.0,1.0
0.024,0.075,-0.116,0.173,0.001,0.001,3142.0,2043.0,1.0
0.027,0.075,-0.11,0.173,0.001,0.001,2982.0,1893.0,1.0
0.032,0.077,-0.114,0.182,0.001,0.001,2629.0,1976.0,1.0
0.038,0.077,-0.093,0.199,0.001,0.001,2661.0,1920.0,1.0
0.047,0.078,-0.086,0.21,0.002,0.001,2309.0,1931.0,1.0
0.052,0.079,-0.079,0.216,0.002,0.001,2338.0,1939.0,1.0
0.058,0.081,-0.078,0.225,0.002,0.001,2258.0,1957.0,1.0
0.064,0.083,-0.079,0.235,0.002,0.001,2146.0,1997.0,1.0
0.071,0.085,-0.085,0.228,0.002,0.001,2034.0,1941.0,1.0
0.076,0.087,-0.075,0.25,0.002,0.001,1986.0,1645.0,1.0
0.082,0.089,-0.068,0.261,0.002,0.002,1921.0,1905.0,1.0
0.086,0.091,-0.072,0.272,0.002,0.002,1820.0,1860.0,1.0
0.085,0.091,-0.08,0.259,0.002,0.002,1824.0,1933.0,1.0
0.081,0.089,-0.073,0.259,0.002,0.002,1921.0,1849.0,1.0
0.072,0.088,-0.085,0.248,0.002,0.002,2202.0,1765.0,1.0
0.066,0.089,-0.087,0.255,0.002,0.002,2473.0,2016.0,1.0
0.066,0.093,-0.1,0.255,0.002,0.002,2558.0,1844.0,1.0
0.012,0.008,0.0,0.025,0.0,0.0,1251.0,1022.0,1.0
-0.0,0.015,-0.03,0.028,0.0,0.0,3783.0,1771.0,1.0
-0.0,0.02,-0.04,0.042,0.0,0.0,3891.0,1559.0,1.0
-0.001,0.024,-0.042,0.047,0.0,0.0,3221.0,1817.0,1.0
-0.002,0.029,-0.052,0.062,0.001,0.001,3509.0,1731.0,1.0
-0.002,0.032,-0.068,0.061,0.001,0.001,3432.0,1545.0,1.0
-0.005,0.034,-0.075,0.059,0.001,0.001,3879.0,1720.0,1.0
-0.009,0.039,-0.084,0.068,0.001,0.001,3758.0,1563.0,1.0
-0.014,0.043,-0.101,0.059,0.001,0.001,3176.0,1770.0,1.0
-0.018,0.046,-0.12,0.053,0.001,0.001,3191.0,1770.0,1.0
-0.021,0.049,-0.128,0.053,0.001,0.001,3019.0,1767.0,1.0
-0.023,0.05,-0.124,0.06,0.001,0.001,2991.0,1459.0,1.0
-0.024,0.051,-0.131,0.057,0.001,0.001,2663.0,1752.0,1.0
-0.025,0.053,-0.127,0.07,0.001,0.001,2589.0,1671.0,1.0
-0.027,0.055,-0.144,0.059,0.001,0.001,2723.0,1645.0,1.0
-0.029,0.056,-0.15,0.063,0.001,0.001,2676.0,1461.0,1.0
-0.029,0.057,-0.149,0.069,0.001,0.001,2698.0,1808.0,1.0
-0.03,0.058,-0.164,0.058,0.001,0.001,2518.0,1768.0,1.0
-0.032,0.059,-0.162,0.059,0.001,0.001,2333.0,1669.0,1.01
-0.034,0.061,-0.166,0.061,0.001,0.001,2516.0,1670.0,1.0
-0.035,0.063,-0.173,0.055,0.001,0.001,2483.0,1647.0,1.01
-0.038,0.065,-0.178,0.059,0.001,0.001,2375.0,1647.0,1.01
-0.042,0.067,-0.181,0.066,0.001,0.001,2253.0,1489.0,1.01
-0.044,0.069,-0.188,0.059,0.001,0.001,2337.0,1469.0,1.0
-0.047,0.071,-0.198,0.054,0.002,0.001,2067.0,1533.0,1.0
-0.048,0.071,-0.196,0.058,0.002,0.001,1987.0,1578.0,1.01
-0.049,0.073,-0.201,0.057,0.002,0.001,1923.0,1590.0,1.0
-0.05,0.073,-0.204,0.055,0.002,0.001,1948.0,1763.0,1.0
-0.049,0.073,-0.202,0.06,0.002,0.001,2037.0,1465.0,1.0
-0.047,0.073,-0.203,0.063,0.002,0.001,2284.0,1530.0,1.0
-0.044,0.072,-0.203,0.064,0.001,0.001,2584.0,1617.0,1.0
-0.042,0.071,-0.185,0.081,0.001,0.001,2684.0,1583.0,1.0
-0.041,0.072,-0.194,0.075,0.001,0.001,2771.0,1559.0,1.0
-0.041,0.073,-0.194,0.081,0.001,0.001,2614.0,1632.0,1.0
-0.041,0.074,-0.2,0.077,0.001,0.001,2537.0,1606.0,1.0
-0.041,0.074,-0.194,0.083,0.002,0.001,2335.0,1647.0,1.0
-0.04,0.075,-0.199,0.083,0.002,0.001,2446.0,1768.0,1.0
-0.039,0.075,-0.186,0.1,0.002,0.001,2471.0,1824.0,1.0
-0.039,0.076,-0.194,0.092,0.002,0.001,2486.0,1814.0,1.0
-0.039,0.075,-0.188,0.095,0.001,0.001,2452.0,1849.0,1.0
-0.039,0.075,-0.203,0.083,0.002,0.001,2409.0,1766.0,1.0
-0.037,0.076,-0.199,0.091,0.002,0.001,2477.0,1741.0,1.0
-0.038,0.077,-0.215,0.081,0.002,0.001,2533.0,1588.0,1.0
-0.035,0.078,-0.205,0.089,0.002,0.001,2544.0,1741.0,1.0
-0.033,0.078,-0.196,0.105,0.002,0.001,2728.0,1875.0,1.0
-0.031,0.078,-0.202,0.105,0.002,0.001,2800.0,1869.0,1.0
-0.029,0.079,-0.206,0.107,0.002,0.001,2691.0,1701.0,1.0
-0.026,0.08,-0.204,0.109,0.002,0.001,2578.0,1700.0,1.0
-0.023,0.08,-0.201,0.109,0.002,0.001,2537.0,1610.0,1.0
-0.021,0.08,-0.204,0.116,0.002,0.001,2591.0,1672.0,1.0
-0.019,0.08,-0.198,0.121,0.002,0.001,2595.0,1559.0,1.0
-0.017,0.081,-0.204,0.121,0.002,0.001,2619.0,1616.0,1.0
-0.015,0.081,-0.179,0.146,0.002,0.001,2649.0,1492.0,1.0
-0.015,0.082,-0.182,0.149,0.002,0.002,2657.0,1530.0,1.0
-0.014,0.083,-0.181,0.147,0.002,0.002,2685.0,1504.0,1.0
-0.015,0.083,-0.202,0.127,0.002,0.002,2609.0,1708.0,1.0
-0.015,0.085,-0.207,0.133,0.002,0.002,2699.0,1668.0,1.0
-0.014,0.086,-0.204,0.144,0.002,0.002,2637.0,1570.0,1.0
-0.014,0.086,-0.197,0.147,0.002,0.002,2704.0,1674.0,1.0
-0.012,0.086,-0.19,0.157,0.002,0.002,2616.0,1548.0,1.0
-0.011,0.086,-0.193,0.155,0.002,0.002,2609.0,1643.0,1.0
-0.009,0.088,-0.188,0.162,0.002,0.002,2725.0,1567.0,1.0
-0.006,0.089,-0.181,0.181,0.002,0.002,2674.0,1598.0,1.0
-0.003,0.09,-0.207,0.162,0.002,0.002,2740.0,1663.0,1.0
0.001,0.09,-0.166,0.201,0.002,0.002,2784.0,1741.0,1.0
0.005,0.091,-0.159,0.211,0.002,0.002,2777.0,1612.0,1.01
0.007,0.092,-0.172,0.204,0.002,0.002,2781.0,1803.0,1.0
0.008,0.093,-0.17,0.203,0.002,0.002,2768.0,1704.0,1.0
0.011,0.095,-0.168,0.212,0.002,0.002,2768.0,1731.0,1.0
0.012,0.095,-0.192,0.195,0.002,0.002,2706.0,1807.0,1.01
0.014,0.096,-0.161,0.228,0.002,0.002,2665.0,1883.0,1.0
0.016,0.097,-0.185,0.208,0.002,0.002,2709.0,1909.0,1.01
0.015,0.098,-0.174,0.219,0.002,0.002,2698.0,1843.0,1.01
0.015,0.099,-0.182,0.219,0.002,0.002,2683.0,1879.0,1.0
0.016,0.1,-0.174,0.229,0.002,0.002,2808.0,1848.0,1.0
0.016,0.101,-0.169,0.235,0.002,0.002,2812.0,1877.0,1.0
0.016,0.103,-0.184,0.228,0.002,0.002,2757.0,1842.0,1.0
0.017,0.104,-0.182,0.237,0.002,0.002,2797.0,1721.0,1.0
0.017,0.104,-0.191,0.231,0.002,0.002,2784.0,1725.0,1.0
0.018,0.106,-0.192,0.234,0.002,0.002,2738.0,1702.0,1.0
0.017,0.106,-0.2,0.232,0.002,0.002,2713.0,1807.0,1.01
0.016,0.107,-0.214,0.225,0.002,0.002,2697.0,1763.0,1.01
0.016,0.107,-0.215,0.222,0.002,0.002,2743.0,1789.0,1.0
0.015,0.109,-0.199,0.244,0.002,0.002,2745.0,1788.0,1.01
0.015,0.11,-0.206,0.237,0.002,0.002,2685.0,1866.0,1.01
0.015,0.112,-0.225,0.234,0.002,0.002,2679.0,1790.0,1.01
0.015,0.112,-0.22,0.237,0.002,0.002,2634.0,1734.0,1.01
0.014,0.114,-0.214,0.252,0.002,0.002,2586.0,1587.0,1.0
0.013,0.114,-0.209,0.262,0.002,0.002,2553.0,1734.0,1.0
0.013,0.115,-0.207,0.268,0.002,0.002,2559.0,1740.0,1.0
0.013,0.115,-0.196,0.275,0.002,0.002,2564.0,1711.0,1.0
0.012,0.115,-0.211,0.264,0.002,0.002,2496.0,1781.0,1.0
0.012,0.116,-0.198,0.278,0.002,0.002,2447.0,1677.0,1.0
0.011,0.118,-0.208,0.268,0.002,0.002,2477.0,1746.0,1.0
0.01,0.118,-0.239,0.245,0.002,0.002,2487.0,1768.0,1.0
0.01,0.118,-0.224,0.258,0.002,0.002,2495.0,1768.0,1.0
0.01,0.119,-0.24,0.238,0.002,0.002,2593.0,1878.0,1.0
0.009,0.119,-0.245,0.234,0.002,0.002,2596.0,1838.0,1.0
0.009,0.119,-0.224,0.257,0.002,0.002,2596.0,1803.0,1.0
0.009,0.12,-0.221,0.257,0.002,0.002,2652.0,1864.0,1.0
0.009,0.122,-0.226,0.267,0.002,0.002,2665.0,1805.0,1.0
0.009,0.123,-0.254,0.242,0.002,0.002,2783.0,1793.0,1.0
0.009,0.124,-0.222,0.275,0.002,0.002,2753.0,1857.0,1.0
0.009,0.124,-0.252,0.255,0.002,0.002,2793.0,1858.0,1.0
0.009,0.125,-0.252,0.249,0.002,0.002,2859.0,1823.0,1.0
0.009,0.125,-0.252,0.251,0.002,0.002,2806.0,1651.0,1.0
0.009,0.125,-0.246,0.253,0.002,0.002,2807.0,1820.0,1.0
0.009,0.125,-0.262,0.237,0.002,0.002,2748.0,1721.0,1.0
0.009,0.126,-0.256,0.254,0.002,0.002,2783.0,1741.0,1.0
0.008,0.126,-0.267,0.239,0.002,0.002,2727.0,1681.0,1.0
0.008,0.127,-0.259,0.251,0.002,0.002,2713.0,1584.0,1.0
0.008,0.128,-0.259,0.249,0.003,0.002,2692.0,1618.0,1.0
0.007,0.128,-0.268,0.245,0.003,0.002,2710.0,1707.0,1.0
0.007,0.13,-0.261,0.256,0.003,0.002,2789.0,1694.0,1.0
0.007,0.13,-0.265,0.252,0.003,0.002,2861.0,1717.0,1.0
0.007,0.131,-0.251,0.263,0.003,0.002,2891.0,1751.0,1.0
0.007,0.131,-0.251,0.269,0.003,0.002,2748.0,1838.0,1.0
0.006,0.133,-0.256,0.275,0.003,0.002,2769.0,1723.0,1.0
0.007,0.133,-0.262,0.273,0.003,0.002,2956.0,1822.0,1.0
0.006,0.134,-0.268,0.262,0.003,0.002,2755.0,1599.0,1.0
0.006,0.135,-0.29,0.257,0.003,0.002,2785.0,1811.0,1.0
0.006,0.136,-0.277,0.271,0.003,0.003,2786.0,1682.0,1.0
0.006,0.136,-0.287,0.269,0.003,0.003,2820.0,1811.0,1.0
0.006,0.137,-0.281,0.277,0.003,0.003,2879.0,1850.0,1.0
0.006,0.139,-0.284,0.278,0.003,0.003,2924.0,1819.0,1.0
0.006,0.138,-0.303,0.257,0.003,0.003,2805.0,1684.0,1.0
0.005,0.139,-0.281,0.284,0.003,0.003,2842.0,1686.0,1.0
0.005,0.139,-0.291,0.279,0.003,0.003,2890.0,1614.0,1.0
0.005,0.14,-0.288,0.284,0.003,0.003,2909.0,1650.0,1.0
0.005,0.141,-0.264,0.308,0.003,0.003,2930.0,1671.0,1.0
0.005,0.142,-0.304,0.269,0.003,0.003,2944.0,1670.0,1.0
0.005,0.143,-0.285,0.3,0.003,0.003,2895.0,1670.0,1.0
0.005,0.143,-0.272,0.316,0.003,0.003,3010.0,1862.0,1.0
0.005,0.145,-0.274,0.312,0.003,0.003,3015.0,1695.0,1.0
0.005,0.145,-0.275,0.308,0.003,0.003,3062.0,1880.0,1.0
0.004,0.146,-0.277,0.311,0.003,0.003,3082.0,1880.0,1.0
0.004,0.148,-0.248,0.346,0.003,0.003,3078.0,1705.0,1.0
0.004,0.149,-0.243,0.359,0.003,0.003,3203.0,1779.0,1.0
0.004,0.15,-0.263,0.341,0.003,0.003,3273.0,1839.0,1.0
3.67,0.074,3.524,3.804,0.001,0.001,2431.0,2028.0,1.0
3.811,0.068,3.687,3.94,0.001,0.001,2295.0,1745.0,1.0
3.665,0.063,3.551,3.784,0.001,0.001,2482.0,1950.0,1.0
3.378,0.063,3.261,3.489,0.001,0.001,2468.0,2022.0,1.0
3.024,0.068,2.891,3.145,0.001,0.001,2411.0,1965.0,1.0
2.638,0.072,2.512,2.774,0.002,0.001,1905.0,1993.0,1.0
2.096,0.079,1.96,2.253,0.002,0.001,2273.0,1833.0,1.0
1.568,0.088,1.396,1.733,0.002,0.001,2348.0,1753.0,1.0
0.769,0.111,0.562,0.969,0.002,0.002,2486.0,1630.0,1.0
-0.059,0.148,-0.317,0.232,0.003,0.003,2509.0,1873.0,1.0
-1.581,0.282,-2.124,-1.102,0.005,0.004,2982.0,1926.0,1.0
-3.304,0.572,-4.359,-2.277,0.011,0.008,2698.0,1905.0,1.0
-4.756,0.926,-6.346,-3.037,0.028,0.02,1105.0,1484.0,1.01
-5.509,1.097,-7.652,-3.734,0.032,0.022,1225.0,1265.0,1.0
-5.891,1.237,-8.096,-3.668,0.032,0.023,1622.0,1488.0,1.0
-6.0,1.215,-8.257,-3.936,0.031,0.023,1717.0,1243.0,1.0
-5.892,1.187,-8.121,-3.848,0.028,0.021,1932.0,1439.0,1.0
-5.482,1.165,-7.636,-3.383,0.022,0.017,3246.0,1436.0,1.0
3.67,0.07,3.546,3.809,0.001,0.001,2539.0,1977.0,1.0
3.807,0.064,3.692,3.931,0.001,0.001,2305.0,1812.0,1.0
3.664,0.061,3.554,3.782,0.001,0.001,2726.0,1851.0,1.0
3.376,0.061,3.262,3.486,0.001,0.001,2472.0,1999.0,1.0
3.023,0.066,2.903,3.15,0.001,0.001,2443.0,1933.0,1.0
2.64,0.07,2.513,2.767,0.002,0.001,2009.0,1868.0,1.0
2.097,0.076,1.965,2.251,0.002,0.001,2287.0,1662.0,1.0
1.569,0.087,1.406,1.732,0.002,0.001,2420.0,1941.0,1.0
0.772,0.11,0.57,0.978,0.002,0.002,2489.0,1756.0,1.0
-0.056,0.147,-0.333,0.211,0.003,0.003,2554.0,1988.0,1.0
-1.58,0.282,-2.085,-1.057,0.005,0.004,2894.0,2118.0,1.0
-3.303,0.571,-4.364,-2.28,0.011,0.008,2731.0,1868.0,1.0
-4.752,0.927,-6.387,-3.071,0.028,0.02,1112.0,1438.0,1.01
-5.506,1.099,-7.613,-3.703,0.032,0.022,1224.0,1319.0,1.0
-5.89,1.237,-8.147,-3.723,0.032,0.023,1619.0,1487.0,1.0
-5.999,1.215,-8.334,-4.002,0.031,0.023,1752.0,1227.0,1.0
-5.892,1.188,-8.171,-3.907,0.028,0.021,1935.0,1438.0,1.0
-5.482,1.165,-7.632,-3.381,0.022,0.017,3284.0,1414.0,1.0
3.675,0.067,3.55,3.803,0.001,0.001,2525.0,1893.0,1.0
3.809,0.061,3.69,3.921,0.001,0.001,2350.0,1917.0,1.0
3.668,0.058,3.556,3.772,0.001,0.001,3160.0,2130.0,1.0
3.38,0.059,3.275,3.493,0.001,0.001,2634.0,1977.0,1.0
3.024,0.064,2.913,3.149,0.001,0.001,2358.0,1840.0,1.0
2.647,0.068,2.525,2.775,0.001,0.001,2296.0,2101.0,1.0
2.102,0.074,1.956,2.237,0.001,0.001,2609.0,1638.0,1.0
1.574,0.083,1.416,1.727,0.002,0.001,2465.0,1986.0,1.0
0.779,0.108,0.571,0.974,0.002,0.001,2659.0,1708.0,1.0
-0.048,0.146,-0.336,0.21,0.003,0.003,2568.0,1880.0,1.0
-1.575,0.282,-2.049,-1.022,0.005,0.004,3000.0,2049.0,1.0
-3.296,0.57,-4.35,-2.283,0.011,0.008,2734.0,1868.0,1.0
-4.743,0.926,-6.391,-3.08,0.028,0.02,1111.0,1461.0,1.01
-5.499,1.097,-7.633,-3.719,0.032,0.022,1222.0,1300.0,1.0
-5.885,1.236,-8.195,-3.788,0.032,0.023,1560.0,1488.0,1.0
-5.994,1.215,-8.159,-3.821,0.031,0.023,1745.0,1227.0,1.0
-5.887,1.188,-8.132,-3.852,0.028,0.021,1929.0,1396.0,1.01
-5.477,1.165,-7.616,-3.371,0.022,0.017,3257.0,1423.0,1.0
3.676,0.063,3.553,3.794,0.001,0.001,2642.0,1940.0,1.0
3.808,0.058,3.699,3.916,0.001,0.001,2422.0,1792.0,1.0
3.668,0.056,3.571,3.78,0.001,0.001,2915.0,2090.0,1.0
3.38,0.057,3.268,3.481,0.001,0.001,2620.0,1953.0,1.0
3.026,0.062,2.909,3.142,0.001,0.001,2173.0,1853.0,1.0
2.652,0.065,2.529,2.77,0.001,0.001,2422.0,1778.0,1.0
2.104,0.073,1.953,2.228,0.001,0.001,2536.0,1830.0,1.0
1.577,0.083,1.425,1.738,0.002,0.001,2470.0,1951.0,1.0
0.784,0.108,0.578,0.983,0.002,0.001,2665.0,1907.0,1.0
-0.044,0.145,-0.322,0.219,0.003,0.003,2527.0,1948.0,1.0
-1.574,0.282,-2.045,-1.022,0.005,0.004,3033.0,2138.0,1.0
-3.293,0.57,-4.341,-2.27,0.011,0.008,2735.0,1868.0,1.0
-4.737,0.926,-6.364,-3.066,0.028,0.02,1117.0,1460.0,1.01
-5.495,1.096,-7.639,-3.738,0.032,0.022,1220.0,1355.0,1.0
-5.882,1.235,-8.151,-3.736,0.032,0.023,1560.0,1465.0,1.0
-5.992,1.215,-8.308,-3.97,0.031,0.023,1734.0,1227.0,1.0
-5.885,1.188,-8.154,-3.88,0.028,0.021,1942.0,1426.0,1.0
-5.475,1.164,-7.657,-3.421,0.022,0.017,3256.0,1382.0,1.0
3.68,0.062,3.558,3.793,0.001,0.001,2371.0,1995.0,1.0
3.81,0.056,3.708,3.913,0.001,0.001,2665.0,1877.0,1.0
3.672,0.055,3.571,3.775,0.001,0.001,3309.0,2086.0,1.0
3.382,0.056,3.284,3.494,0.001,0.001,2613.0,1821.0,1.0
3.03,0.061,2.917,3.148,0.001,0.001,2484.0,1899.0,1.0
2.659,0.064,2.538,2.774,0.001,0.001,2737.0,1681.0,1.0
2.109,0.072,1.966,2.244,0.001,0.001,2771.0,2012.0,1.0
1.583,0.082,1.428,1.736,0.002,0.001,2541.0,1971.0,1.0
0.79,0.107,0.591,0.995,0.002,0.001,2716.0,1872.0,1.0
-0.037,0.144,-0.292,0.243,0.003,0.003,2636.0,2030.0,1.0
-1.569,0.282,-2.057,-1.021,0.005,0.004,3128.0,2117.0,1.0
-3.287,0.569,-4.339,-2.264,0.011,0.008,2751.0,1866.0,1.0
-4.73,0.926,-6.387,-3.11,0.028,0.02,1123.0,1507.0,1.01
-5.489,1.096,-7.542,-3.64,0.032,0.022,1215.0,1335.0,1.0
-5.878,1.234,-8.149,-3.743,0.032,0.023,1561.0,1499.0,1.0
-5.989,1.214,-8.156,-3.821,0.031,0.023,1741.0,1243.0,1.0
-5.881,1.187,-8.162,-3.875,0.028,0.021,1937.0,1438.0,1.0
-5.471,1.164,-7.605,-3.36,0.022,0.017,3232.0,1403.0,1.0
3.679,0.059,3.568,3.79,0.001,0.001,2615.0,1933.0,1.0
3.81,0.055,3.707,3.919,0.001,0.001,2605.0,1694.0,1.0
3.672,0.054,3.572,3.77,0.001,0.001,3433.0,2177.0,1.0
3.38,0.056,3.274,3.481,0.001,0.001,2493.0,1942.0,1.0
3.03,0.06,2.923,3.147,0.001,0.001,2330.0,2012.0,1.0
2.661,0.063,2.549,2.783,0.001,0.001,2609.0,1810.0,1.0
2.111,0.071,1.977,2.244,0.001,0.001,2678.0,1707.0,1.0
1.584,0.083,1.426,1.728,0.002,0.001,2684.0,1885.0,1.0
0.794,0.105,0.604,1.003,0.002,0.001,2743.0,1873.0,1.0
-0.034,0.145,-0.302,0.235,0.003,0.003,2781.0,1847.0,1.0
-1.566,0.282,-2.053,-1.027,0.005,0.004,3032.0,2080.0,1.0
-3.283,0.568,-4.336,-2.265,0.011,0.008,2722.0,1906.0,1.0
-4.727,0.926,-6.361,-3.067,0.028,0.02,1121.0,1460.0,1.01
-5.488,1.095,-7.639,-3.726,0.032,0.022,1210.0,1335.0,1.0
-5.876,1.233,-8.176,-3.761,0.032,0.023,1610.0,1499.0,1.0
-5.988,1.215,-8.327,-4.0,0.031,0.023,1744.0,1227.0,1.0
-5.88,1.187,-8.123,-3.844,0.028,0.021,1928.0,1490.0,1.0
-5.471,1.166,-7.689,-3.452,0.022,0.017,3229.0,1382.0,1.0
3.671,0.059,3.554,3.777,0.001,0.001,2757.0,1993.0,1.0
3.806,0.057,3.694,3.909,0.001,0.001,2446.0,1557.0,1.0
3.667,0.055,3.563,3.769,0.001,0.001,2855.0,2046.0,1.0
3.375,0.057,3.271,3.482,0.001,0.001,2485.0,1712.0,1.0
3.028,0.06,2.911,3.14,0.001,0.001,2241.0,1917.0,1.0
2.658,0.063,2.536,2.77,0.001,0.001,2406.0,1930.0,1.0
2.108,0.071,1.971,2.239,0.001,0.001,2884.0,2097.0,1.0
1.583,0.082,1.42,1.729,0.002,0.001,2634.0,1684.0,1.0
0.794,0.105,0.6,0.989,0.002,0.001,2829.0,1985.0,1.0
-0.037,0.145,-0.304,0.23,0.003,0.003,2779.0,2027.0,1.0
-1.569,0.282,-2.063,-1.02,0.005,0.004,3072.0,1982.0,1.0
-3.283,0.568,-4.315,-2.246,0.011,0.008,2666.0,1901.0,1.0
-4.728,0.926,-6.421,-3.122,0.028,0.02,1101.0,1438.0,1.01
-5.491,1.096,-7.613,-3.709,0.032,0.022,1203.0,1318.0,1.0
-5.878,1.233,-8.207,-3.795,0.032,0.023,1608.0,1463.0,1.0
-5.991,1.215,-8.193,-3.856,0.031,0.023,1717.0,1260.0,1.0
-5.884,1.188,-8.116,-3.845,0.028,0.021,1942.0,1447.0,1.0
-5.475,1.166,-7.618,-3.363,0.022,0.017,3288.0,1379.0,1.0
3.667,0.058,3.551,3.771,0.001,0.001,2739.0,2015.0,1.0
3.805,0.056,3.697,3.907,0.001,0.001,2315.0,1875.0,1.0
3.666,0.055,3.569,3.775,0.001,0.001,2617.0,1933.0,1.0
3.372,0.057,3.262,3.471,0.001,0.001,2256.0,1919.0,1.0
3.031,0.06,2.916,3.138,0.001,0.001,2420.0,1935.0,1.0
2.659,0.063,2.536,2.768,0.001,0.001,2373.0,2033.0,1.0
2.109,0.071,1.98,2.247,0.001,0.001,2341.0,1791.0,1.0
1.586,0.082,1.441,1.741,0.002,0.001,2502.0,1584.0,1.0
0.797,0.106,0.596,0.99,0.002,0.001,2817.0,1766.0,1.0
-0.036,0.145,-0.306,0.23,0.003,0.003,2680.0,1662.0,1.0
-1.567,0.282,-2.102,-1.051,0.005,0.004,3053.0,1868.0,1.0
-3.277,0.568,-4.369,-2.314,0.011,0.008,2622.0,1868.0,1.0
-4.726,0.926,-6.353,-3.057,0.028,0.02,1089.0,1460.0,1.01
-5.49,1.095,-7.562,-3.666,0.032,0.022,1209.0,1233.0,1.0
-5.877,1.233,-8.139,-3.731,0.032,0.023,1557.0,1486.0,1.0
-5.991,1.214,-8.305,-3.95,0.031,0.023,1741.0,1278.0,1.0
-5.883,1.189,-8.134,-3.853,0.028,0.021,1933.0,1492.0,1.0
-5.474,1.166,-7.608,-3.355,0.022,0.017,3238.0,1399.0,1.0
3.669,0.056,3.562,3.775,0.001,0.001,2761.0,1810.0,1.0
3.81,0.055,3.709,3.916,0.001,0.001,2391.0,1743.0,1.0
3.671,0.054,3.567,3.766,0.001,0.001,2931.0,1857.0,1.0
3.378,0.056,3.279,3.488,0.001,0.001,2426.0,1745.0,1.0
3.04,0.058,2.934,3.15,0.001,0.001,2567.0,1824.0,1.0
2.665,0.063,2.544,2.775,0.001,0.001,2641.0,2039.0,1.0
2.116,0.07,1.99,2.255,0.001,0.001,2683.0,1960.0,1.0
1.595,0.081,1.443,1.738,0.002,0.001,2536.0,1963.0,1.0
0.805,0.106,0.605,1.004,0.002,0.001,2858.0,1745.0,1.0
-0.031,0.144,-0.321,0.213,0.003,0.003,2808.0,1820.0,1.0
-1.56,0.282,-2.154,-1.104,0.005,0.004,3081.0,1975.0,1.0
-3.268,0.569,-4.331,-2.261,0.011,0.008,2612.0,1868.0,1.0
-4.717,0.926,-6.383,-3.083,0.028,0.02,1102.0,1484.0,1.01
-5.483,1.095,-7.559,-3.648,0.032,0.022,1212.0,1299.0,1.0
-5.871,1.232,-8.145,-3.744,0.032,0.023,1584.0,1498.0,1.0
-5.984,1.213,-8.181,-3.846,0.031,0.023,1746.0,1268.0,1.0
-5.877,1.187,-8.142,-3.854,0.028,0.021,1941.0,1513.0,1.0
-5.469,1.165,-7.611,-3.367,0.022,0.017,3256.0,1402.0,1.0
3.673,0.055,3.561,3.769,0.001,0.001,2652.0,1920.0,1.0
3.816,0.054,3.711,3.917,0.001,0.001,2400.0,1546.0,1.0
3.674,0.055,3.565,3.771,0.001,0.001,3070.0,1873.0,1.0
3.383,0.056,3.277,3.485,0.001,0.001,2434.0,1690.0,1.0
3.048,0.057,2.949,3.161,0.001,0.001,2710.0,1953.0,1.0
2.672,0.062,2.554,2.783,0.001,0.001,2574.0,2085.0,1.0
2.123,0.068,2.003,2.261,0.001,0.001,2718.0,2054.0,1.0
1.603,0.08,1.459,1.76,0.001,0.001,2929.0,1996.0,1.0
0.814,0.105,0.6,0.99,0.002,0.001,2998.0,1602.0,1.0
-0.024,0.143,-0.302,0.233,0.003,0.003,2828.0,1732.0,1.0
-1.551,0.281,-2.088,-1.051,0.005,0.004,3116.0,1955.0,1.0
-3.259,0.569,-4.34,-2.256,0.011,0.008,2631.0,1766.0,1.0
-4.709,0.926,-6.362,-3.076,0.028,0.02,1103.0,1484.0,1.01
-5.477,1.095,-7.614,-3.71,0.032,0.022,1207.0,1315.0,1.0
-5.866,1.233,-8.12,-3.704,0.032,0.023,1592.0,1498.0,1.0
-5.978,1.214,-8.196,-3.849,0.031,0.023,1747.0,1251.0,1.0
-5.872,1.187,-8.136,-3.829,0.028,0.021,1949.0,1491.0,1.0
-5.463,1.164,-7.651,-3.412,0.022,0.017,3279.0,1382.0,1.0
3.678,0.054,3.578,3.785,0.001,0.001,2708.0,2045.0,1.0
3.822,0.052,3.717,3.915,0.001,0.001,2421.0,1860.0,1.0
3.679,0.053,3.586,3.782,0.001,0.001,3265.0,1944.0,1.0
3.39,0.054,3.283,3.488,0.001,0.001,2707.0,1837.0,1.0
3.056,0.057,2.95,3.162,0.001,0.001,2667.0,1798.0,1.0
2.68,0.061,2.571,2.8,0.001,0.001,2673.0,1890.0,1.0
2.13,0.068,2.002,2.26,0.001,0.001,2768.0,2152.0,1.0
1.613,0.078,1.456,1.748,0.002,0.001,2686.0,1776.0,1.0
0.823,0.105,0.634,1.017,0.002,0.001,2897.0,1657.0,1.0
-0.015,0.142,-0.277,0.248,0.003,0.003,2748.0,1844.0,1.0
-1.541,0.28,-2.07,-1.039,0.005,0.004,3063.0,2022.0,1.0
-3.25,0.568,-4.317,-2.243,0.011,0.008,2628.0,1909.0,1.0
-4.702,0.926,-6.356,-3.057,0.028,0.02,1110.0,1461.0,1.01
-5.469,1.095,-7.477,-3.589,0.032,0.022,1216.0,1374.0,1.0
-5.859,1.234,-8.169,-3.745,0.032,0.023,1608.0,1464.0,1.0
-5.972,1.214,-8.215,-3.881,0.031,0.023,1726.0,1250.0,1.0
-5.865,1.187,-7.963,-3.656,0.028,0.021,1946.0,1514.0,1.0
-5.456,1.164,-7.659,-3.434,0.022,0.017,3274.0,1362.0,1.0
3.686,0.054,3.579,3.782,0.001,0.001,2819.0,1924.0,1.0
3.829,0.052,3.728,3.924,0.001,0.001,2573.0,1879.0,1.0
3.686,0.051,3.589,3.778,0.001,0.001,3044.0,2090.0,1.0
3.4,0.055,3.285,3.494,0.001,0.001,3132.0,1868.0,1.0
3.066,0.056,2.948,3.162,0.001,0.001,2703.0,1811.0,1.0
2.69,0.06,2.582,2.807,0.001,0.001,2744.0,2005.0,1.0
2.142,0.068,2.015,2.267,0.001,0.001,2706.0,1821.0,1.0
1.625,0.078,1.479,1.771,0.001,0.001,2718.0,1981.0,1.0
0.833,0.103,0.648,1.027,0.002,0.001,2806.0,1734.0,1.0
-0.006,0.143,-0.253,0.284,0.003,0.003,2803.0,1881.0,1.0
-1.529,0.279,-2.051,-1.039,0.005,0.004,3078.0,2098.0,1.0
-3.239,0.569,-4.353,-2.267,0.011,0.008,2610.0,1671.0,1.0
-4.693,0.926,-6.392,-3.106,0.028,0.02,1108.0,1461.0,1.01
-5.459,1.095,-7.576,-3.675,0.032,0.023,1211.0,1337.0,1.0
-5.85,1.234,-8.154,-3.72,0.032,0.023,1604.0,1475.0,1.0
-5.963,1.213,-8.173,-3.839,0.031,0.023,1722.0,1274.0,1.0
-5.856,1.185,-7.947,-3.663,0.028,0.021,1951.0,1514.0,1.0
-5.446,1.164,-7.664,-3.42,0.022,0.017,3286.0,1362.0,1.0
3.694,0.054,3.591,3.792,0.001,0.001,2732.0,1763.0,1.0
3.837,0.052,3.724,3.923,0.001,0.001,2579.0,1878.0,1.0
3.691,0.051,3.599,3.79,0.001,0.001,2915.0,1799.0,1.0
3.411,0.056,3.311,3.521,0.001,0.001,3006.0,1969.0,1.0
3.075,0.056,2.977,3.183,0.001,0.001,2512.0,1791.0,1.0
2.698,0.061,2.586,2.818,0.001,0.001,2715.0,1965.0,1.0
2.153,0.068,2.026,2.281,0.001,0.001,2417.0,1994.0,1.0
1.636,0.078,1.496,1.79,0.002,0.001,2713.0,1961.0,1.0
0.842,0.104,0.648,1.03,0.002,0.001,2719.0,1795.0,1.0
0.004,0.142,-0.262,0.264,0.003,0.003,2775.0,1863.0,1.0
-1.516,0.279,-2.058,-1.029,0.005,0.004,3057.0,2026.0,1.0
-3.228,0.568,-4.255,-2.178,0.011,0.008,2622.0,1668.0,1.0
-4.684,0.926,-6.343,-3.061,0.028,0.02,1122.0,1438.0,1.01
-5.45,1.095,-7.446,-3.528,0.032,0.022,1216.0,1297.0,1.0
-5.842,1.234,-8.159,-3.741,0.033,0.024,1552.0,1498.0,1.0
-5.954,1.213,-8.137,-3.798,0.031,0.023,1721.0,1233.0,1.0
-5.848,1.185,-7.966,-3.686,0.028,0.021,1953.0,1467.0,1.0
-5.438,1.165,-7.644,-3.417,0.022,0.017,3285.0,1324.0,1.0
3.701,0.054,3.605,3.806,0.001,0.001,2358.0,1780.0,1.0
3.844,0.052,3.743,3.941,0.001,0.001,2371.0,1838.0,1.0
3.7,0.052,3.606,3.798,0.001,0.001,2386.0,1809.0,1.0
3.423,0.056,3.32,3.531,0.001,0.001,2655.0,1912.0,1.0
3.084,0.057,2.985,3.197,0.001,0.001,2435.0,1778.0,1.0
2.708,0.063,2.588,2.823,0.001,0.001,2388.0,1878.0,1.0
2.165,0.068,2.034,2.282,0.001,0.001,2183.0,1984.0,1.0
1.647,0.078,1.508,1.801,0.002,0.001,2347.0,2016.0,1.0
0.85,0.104,0.656,1.04,0.002,0.001,2664.0,1530.0,1.0
0.015,0.143,-0.265,0.268,0.003,0.003,2794.0,1774.0,1.0
-1.503,0.278,-2.019,-0.98,0.005,0.004,3080.0,2099.0,1.0
-3.217,0.569,-4.247,-2.17,0.011,0.008,2647.0,1869.0,1.0
-4.675,0.927,-6.356,-3.08,0.028,0.02,1132.0,1476.0,1.01
-5.441,1.095,-7.437,-3.528,0.032,0.023,1202.0,1298.0,1.0
-5.833,1.234,-8.18,-3.761,0.032,0.023,1580.0,1479.0,1.0
-5.946,1.214,-8.09,-3.767,0.031,0.023,1724.0,1265.0,1.0
-5.84,1.185,-7.962,-3.67,0.028,0.021,1951.0,1514.0,1.0
-5.429,1.166,-7.64,-3.394,0.022,0.017,3252.0,1305.0,1.0
3.708,0.055,3.611,3.813,0.001,0.001,2263.0,1687.0,1.0
3.849,0.052,3.747,3.944,0.001,0.001,2345.0,1774.0,1.0
3.707,0.054,3.61,3.813,0.001,0.001,2385.0,1968.0,1.0
3.433,0.057,3.331,3.546,0.001,0.001,2516.0,2040.0,1.0
3.093,0.058,2.981,3.199,0.001,0.001,2355.0,1855.0,1.0
2.718,0.064,2.598,2.835,0.001,0.001,2301.0,1809.0,1.0
2.175,0.07,2.054,2.306,0.002,0.001,2095.0,2022.0,1.0
1.658,0.078,1.511,1.805,0.002,0.001,2430.0,1973.0,1.0
0.858,0.105,0.652,1.042,0.002,0.001,2616.0,1844.0,1.0
0.025,0.144,-0.253,0.281,0.003,0.003,2771.0,1846.0,1.0
-1.492,0.279,-2.002,-0.975,0.005,0.004,3088.0,2146.0,1.0
-3.207,0.567,-4.243,-2.164,0.011,0.008,2669.0,1870.0,1.0
-4.666,0.926,-6.345,-3.066,0.028,0.019,1140.0,1507.0,1.01
-5.434,1.096,-7.464,-3.561,0.032,0.023,1208.0,1318.0,1.0
-5.825,1.234,-8.136,-3.722,0.032,0.023,1580.0,1416.0,1.0
-5.938,1.213,-8.116,-3.773,0.031,0.023,1727.0,1300.0,1.0
-5.831,1.184,-7.953,-3.662,0.028,0.021,1953.0,1492.0,1.0
-5.42,1.165,-7.593,-3.361,0.022,0.017,3223.0,1305.0,1.0
3.719,0.058,3.613,3.831,0.001,0.001,1908.0,1759.0,1.0
3.857,0.055,3.756,3.96,0.001,0.001,2061.0,1901.0,1.0
3.717,0.058,3.607,3.823,0.001,0.001,2136.0,1658.0,1.0
3.445,0.061,3.336,3.56,0.001,0.001,2195.0,1925.0,1.0
3.105,0.062,2.997,3.225,0.001,0.001,1963.0,1798.0,1.0
2.728,0.066,2.602,2.849,0.001,0.001,2028.0,1835.0,1.0
2.188,0.072,2.06,2.32,0.002,0.001,2060.0,1642.0,1.0
1.67,0.08,1.521,1.825,0.002,0.001,2150.0,1819.0,1.0
0.871,0.105,0.675,1.061,0.002,0.002,2422.0,1767.0,1.0
0.039,0.145,-0.22,0.315,0.003,0.003,2700.0,1848.0,1.0
-1.48,0.28,-1.987,-0.951,0.005,0.004,3054.0,2083.0,1.0
-3.196,0.568,-4.244,-2.171,0.011,0.008,2758.0,1797.0,1.0
-4.654,0.927,-6.338,-3.054,0.027,0.019,1156.0,1507.0,1.01
-5.424,1.096,-7.464,-3.554,0.032,0.023,1204.0,1319.0,1.0
-5.814,1.233,-8.137,-3.71,0.032,0.023,1584.0,1441.0,1.0
-5.927,1.214,-8.092,-3.765,0.031,0.023,1735.0,1299.0,1.0
-5.821,1.185,-7.972,-3.677,0.028,0.021,1974.0,1492.0,1.0
-5.409,1.164,-7.504,-3.271,0.022,0.017,3193.0,1306.0,1.0
3.72,0.058,3.599,3.817,0.001,0.001,1913.0,1548.0,1.0
3.858,0.054,3.754,3.96,0.001,0.001,1889.0,1974.0,1.0
3.721,0.059,3.61,3.831,0.001,0.001,2016.0,1462.0,1.0
3.448,0.06,3.343,3.562,0.001,0.001,2218.0,2007.0,1.0
3.108,0.062,2.986,3.22,0.001,0.001,1965.0,2048.0,1.0
2.734,0.066,2.598,2.846,0.002,0.001,1888.0,1869.0,1.0
2.194,0.073,2.07,2.337,0.002,0.001,2015.0,1737.0,1.0
1.674,0.08,1.523,1.819,0.002,0.001,2171.0,2009.0,1.0
0.874,0.105,0.674,1.065,0.002,0.002,2567.0,1817.0,1.0
0.045,0.145,-0.223,0.315,0.003,0.003,2647.0,1847.0,1.0
-1.474,0.281,-2.001,-0.957,0.005,0.004,3069.0,2099.0,1.0
-3.193,0.568,-4.254,-2.185,0.011,0.008,2693.0,1833.0,1.0
-4.651,0.928,-6.342,-3.048,0.027,0.019,1147.0,1507.0,1.01
-5.421,1.096,-7.437,-3.528,0.032,0.023,1203.0,1337.0,1.0
-5.812,1.233,-8.077,-3.665,0.032,0.023,1557.0,1430.0,1.0
-5.925,1.214,-8.165,-3.832,0.031,0.023,1728.0,1282.0,1.0
-5.818,1.185,-7.896,-3.623,0.028,0.021,1964.0,1468.0,1.0
-5.407,1.165,-7.594,-3.359,0.022,0.017,3197.0,1323.0,1.0
3.718,0.058,3.614,3.831,0.001,0.001,2146.0,1762.0,1.0
3.854,0.055,3.747,3.951,0.001,0.001,2112.0,1614.0,1.0
3.722,0.058,3.621,3.835,0.001,0.001,2207.0,1739.0,1.0
3.448,0.06,3.341,3.563,0.001,0.001,2331.0,1965.0,1.0
3.107,0.062,2.998,3.228,0.001,0.001,2008.0,1955.0,1.0
2.736,0.065,2.609,2.852,0.001,0.001,2014.0,1576.0,1.0
2.196,0.073,2.065,2.333,0.002,0.001,1996.0,1732.0,1.0
1.674,0.08,1.518,1.814,0.002,0.001,2355.0,1755.0,1.0
0.875,0.104,0.689,1.079,0.002,0.001,2571.0,1600.0,1.0
0.049,0.146,-0.219,0.324,0.003,0.003,2676.0,1897.0,1.0
-1.473,0.28,-2.015,-0.979,0.005,0.004,3031.0,2143.0,1.0
-3.194,0.567,-4.238,-2.169,0.011,0.008,2679.0,1832.0,1.0
-4.651,0.927,-6.315,-3.013,0.028,0.019,1142.0,1506.0,1.01
-5.422,1.096,-7.466,-3.571,0.032,0.023,1204.0,1336.0,1.0
-5.813,1.234,-8.121,-3.697,0.032,0.023,1557.0,1482.0,1.0
-5.926,1.214,-8.317,-3.973,0.031,0.023,1728.0,1300.0,1.0
-5.819,1.185,-7.912,-3.622,0.028,0.021,1965.0,1468.0,1.0
-5.407,1.165,-7.504,-3.262,0.022,0.017,3175.0,1402.0,1.0
3.714,0.057,3.6,3.817,0.001,0.001,2165.0,1690.0,1.0
3.851,0.055,3.753,3.964,0.001,0.001,2147.0,1973.0,1.0
3.723,0.057,3.622,3.83,0.001,0.001,2145.0,1804.0,1.0
3.446,0.059,3.332,3.555,0.001,0.001,2353.0,1785.0,1.0
3.106,0.061,3.002,3.23,0.001,0.001,2164.0,1773.0,1.0
2.736,0.064,2.613,2.852,0.001,0.001,2076.0,1835.0,1.01
2.196,0.072,2.057,2.326,0.002,0.001,2082.0,1756.0,1.0
1.671,0.079,1.509,1.809,0.002,0.001,2300.0,1956.0,1.0
0.874,0.104,0.675,1.061,0.002,0.001,2676.0,1766.0,1.0
0.05,0.147,-0.218,0.321,0.003,0.003,2638.0,1770.0,1.0
-1.473,0.28,-2.04,-0.991,0.005,0.004,3039.0,2099.0,1.0
-3.195,0.568,-4.222,-2.154,0.011,0.008,2675.0,1832.0,1.0
-4.654,0.927,-6.318,-3.023,0.028,0.02,1141.0,1506.0,1.01
-5.424,1.095,-7.482,-3.57,0.032,0.022,1203.0,1318.0,1.0
-5.815,1.233,-8.151,-3.725,0.032,0.023,1572.0,1452.0,1.0
-5.929,1.214,-8.157,-3.807,0.031,0.023,1744.0,1283.0,1.0
-5.82,1.186,-7.947,-3.665,0.028,0.021,1969.0,1515.0,1.0
-5.409,1.165,-7.606,-3.366,0.022,0.017,3189.0,1402.0,1.0
3.712,0.056,3.603,3.81,0.001,0.001,2144.0,1888.0,1.0
3.85,0.056,3.741,3.946,0.001,0.001,2139.0,1972.0,1.0
3.725,0.055,3.627,3.836,0.001,0.001,2003.0,1834.0,1.0
3.445,0.059,3.334,3.553,0.001,0.001,2339.0,1813.0,1.0
3.106,0.061,3.001,3.228,0.001,0.001,2110.0,1403.0,1.0
2.737,0.064,2.615,2.857,0.001,0.001,2181.0,1794.0,1.0
2.197,0.072,2.058,2.326,0.002,0.001,1845.0,1506.0,1.0
1.67,0.081,1.523,1.82,0.002,0.001,2101.0,1781.0,1.0
0.875,0.103,0.684,1.067,0.002,0.001,2547.0,1720.0,1.0
0.052,0.147,-0.232,0.313,0.003,0.003,2691.0,1839.0,1.0
-1.472,0.28,-2.021,-0.983,0.005,0.004,2975.0,2144.0,1.0
-3.196,0.568,-4.217,-2.151,0.011,0.008,2665.0,1797.0,1.0
-4.655,0.927,-6.303,-2.992,0.028,0.019,1143.0,1483.0,1.01
-5.425,1.095,-7.483,-3.572,0.032,0.023,1200.0,1319.0,1.0
-5.816,1.233,-8.148,-3.728,0.032,0.023,1593.0,1452.0,1.0
-5.93,1.214,-8.137,-3.806,0.031,0.023,1750.0,1300.0,1.0
-5.821,1.186,-7.924,-3.669,0.028,0.021,1966.0,1431.0,1.0
-5.41,1.165,-7.6,-3.353,0.022,0.017,3200.0,1382.0,1.0
3.702,0.055,3.597,3.799,0.001,0.001,2707.0,2017.0,1.0
3.842,0.055,3.734,3.941,0.001,0.001,2332.0,1900.0,1.0
3.718,0.055,3.62,3.828,0.001,0.001,2490.0,1833.0,1.0
3.439,0.058,3.337,3.554,0.001,0.001,2467.0,1865.0,1.0
3.099,0.06,2.99,3.214,0.001,0.001,2433.0,1972.0,1.0
2.732,0.063,2.62,2.859,0.001,0.001,2347.0,1836.0,1.0
2.192,0.071,2.054,2.321,0.002,0.001,2195.0,1736.0,1.0
1.664,0.08,1.532,1.83,0.001,0.001,2790.0,2085.0,1.0
0.871,0.103,0.668,1.051,0.002,0.001,2615.0,1894.0,1.0
0.046,0.146,-0.221,0.32,0.003,0.003,2759.0,1802.0,1.0
-1.48,0.28,-2.019,-0.979,0.005,0.004,3052.0,2071.0,1.0
-3.202,0.567,-4.23,-2.164,0.011,0.008,2734.0,1830.0,1.0
-4.663,0.926,-6.32,-3.011,0.028,0.019,1137.0,1506.0,1.01
-5.433,1.094,-7.413,-3.495,0.032,0.022,1210.0,1299.0,1.0
-5.824,1.233,-8.161,-3.73,0.032,0.023,1592.0,1430.0,1.0
-5.937,1.214,-8.175,-3.852,0.031,0.023,1760.0,1301.0,1.0
-5.829,1.185,-7.909,-3.635,0.028,0.021,1969.0,1418.0,1.0
-5.417,1.165,-7.555,-3.334,0.022,0.017,3227.0,1382.0,1.0
3.692,0.055,3.592,3.797,0.001,0.001,2972.0,1616.0,1.0
3.836,0.053,3.737,3.933,0.001,0.001,2393.0,2040.0,1.0
3.712,0.054,3.609,3.811,0.001,0.001,2919.0,1843.0,1.0
3.433,0.057,3.333,3.546,0.001,0.001,2923.0,1843.0,1.0
3.095,0.059,2.983,3.204,0.001,0.001,2560.0,1952.0,1.0
2.729,0.062,2.619,2.849,0.001,0.001,2464.0,1957.0,1.0
2.186,0.07,2.058,2.321,0.002,0.001,2014.0,1681.0,1.0
1.658,0.078,1.516,1.815,0.001,0.001,2940.0,2015.0,1.0
0.867,0.102,0.668,1.049,0.002,0.001,2679.0,1877.0,1.0
0.042,0.145,-0.215,0.329,0.003,0.003,2795.0,1873.0,1.0
-1.487,0.281,-2.033,-0.986,0.005,0.004,3038.0,1912.0,1.0
-3.208,0.568,-4.237,-2.183,0.011,0.008,2710.0,1866.0,1.0
-4.67,0.927,-6.325,-3.023,0.028,0.02,1123.0,1506.0,1.01
-5.44,1.095,-7.425,-3.507,0.032,0.022,1209.0,1336.0,1.0
-5.831,1.232,-8.151,-3.745,0.032,0.023,1563.0,1463.0,1.0
-5.944,1.213,-8.124,-3.806,0.031,0.023,1743.0,1283.0,1.0
-5.835,1.186,-7.969,-3.684,0.028,0.021,1969.0,1477.0,1.0
-5.423,1.165,-7.581,-3.337,0.022,0.017,3201.0,1423.0,1.0
3.684,0.055,3.586,3.797,0.001,0.001,2860.0,1665.0,1.0
3.833,0.052,3.736,3.934,0.001,0.001,2211.0,1786.0,1.0
3.707,0.053,3.602,3.802,0.001,0.001,2831.0,1915.0,1.0
3.427,0.056,3.327,3.538,0.001,0.001,2760.0,1999.0,1.0
3.092,0.058,2.976,3.196,0.001,0.001,2385.0,1695.0,1.0
2.726,0.062,2.611,2.843,0.001,0.001,2342.0,1842.0,1.0
2.181,0.07,2.046,2.308,0.002,0.001,2156.0,1772.0,1.0
1.654,0.077,1.51,1.802,0.001,0.001,2813.0,1939.0,1.0
0.866,0.103,0.656,1.041,0.002,0.001,2745.0,1852.0,1.0
0.038,0.145,-0.233,0.306,0.003,0.003,2789.0,1924.0,1.0
-1.492,0.281,-2.055,-1.003,0.005,0.004,3068.0,1810.0,1.0
-3.213,0.568,-4.286,-2.209,0.011,0.008,2647.0,1832.0,1.0
-4.675,0.925,-6.325,-3.024,0.028,0.02,1110.0,1460.0,1.01
-5.445,1.094,-7.504,-3.595,0.032,0.023,1200.0,1354.0,1.0
-5.837,1.232,-8.161,-3.732,0.032,0.023,1575.0,1488.0,1.0
-5.949,1.213,-8.155,-3.831,0.031,0.023,1743.0,1283.0,1.0
-5.841,1.186,-7.922,-3.649,0.028,0.021,1963.0,1459.0,1.0
-5.429,1.164,-7.565,-3.304,0.022,0.017,3214.0,1414.0,1.0
3.672,0.055,3.56,3.765,0.001,0.001,3134.0,1624.0,1.0
3.827,0.051,3.739,3.931,0.001,0.001,2492.0,1717.0,1.0
3.698,0.053,3.59,3.793,0.001,0.001,3663.0,1916.0,1.0
3.419,0.055,3.312,3.518,0.001,0.001,3392.0,1931.0,1.0
3.085,0.056,2.968,3.185,0.001,0.001,2719.0,1869.0,1.0
2.719,0.06,2.61,2.836,0.001,0.001,2610.0,1971.0,1.0
2.171,0.068,2.027,2.286,0.001,0.001,2279.0,2070.0,1.0
1.646,0.075,1.496,1.785,0.001,0.001,2984.0,1930.0,1.0
0.861,0.102,0.666,1.048,0.002,0.001,2722.0,1649.0,1.0
0.031,0.145,-0.242,0.289,0.003,0.003,2781.0,1945.0,1.0
-1.5,0.28,-2.065,-1.024,0.005,0.004,3037.0,1954.0,1.0
-3.223,0.568,-4.237,-2.155,0.011,0.008,2625.0,1797.0,1.0
-4.684,0.926,-6.413,-3.1,0.028,0.02,1107.0,1471.0,1.01
-5.454,1.096,-7.511,-3.603,0.032,0.023,1202.0,1352.0,1.0
-5.847,1.233,-8.181,-3.77,0.032,0.023,1591.0,1488.0,1.0
-5.958,1.213,-8.155,-3.873,0.031,0.023,1735.0,1210.0,1.0
-5.849,1.185,-8.169,-3.88,0.028,0.021,1964.0,1563.0,1.0
-5.439,1.163,-7.639,-3.381,0.022,0.017,3246.0,1423.0,1.0
3.664,0.056,3.56,3.769,0.001,0.001,3177.0,1850.0,1.0
3.821,0.051,3.724,3.915,0.001,0.001,2394.0,1810.0,1.0
3.69,0.052,3.589,3.783,0.001,0.001,3317.0,1812.0,1.0
3.412,0.055,3.315,3.515,0.001,0.001,3318.0,1932.0,1.0
3.079,0.055,2.98,3.184,0.001,0.001,3150.0,1783.0,1.0
2.713,0.06,2.597,2.817,0.001,0.001,2762.0,2056.0,1.0
2.163,0.068,2.035,2.296,0.001,0.001,2399.0,2051.0,1.0
1.64,0.075,1.498,1.787,0.001,0.001,3098.0,1978.0,1.0
0.855,0.102,0.664,1.046,0.002,0.001,2822.0,1810.0,1.0
0.025,0.144,-0.238,0.298,0.003,0.003,2732.0,1867.0,1.0
-1.508,0.279,-2.051,-1.018,0.005,0.004,3100.0,1803.0,1.0
-3.232,0.567,-4.293,-2.222,0.011,0.008,2655.0,1762.0,1.0
-4.693,0.927,-6.371,-3.044,0.028,0.02,1109.0,1483.0,1.01
-5.463,1.095,-7.586,-3.648,0.032,0.023,1204.0,1372.0,1.0
-5.855,1.233,-8.178,-3.763,0.032,0.023,1584.0,1464.0,1.0
-5.966,1.214,-8.218,-3.922,0.031,0.023,1730.0,1242.0,1.0
-5.857,1.187,-8.053,-3.765,0.028,0.021,1969.0,1513.0,1.0
-5.447,1.164,-7.539,-3.284,0.022,0.017,3311.0,1362.0,1.0
3.654,0.057,3.557,3.772,0.001,0.001,2748.0,1935.0,1.0
3.812,0.052,3.717,3.911,0.001,0.001,2314.0,1685.0,1.0
3.682,0.053,3.575,3.775,0.001,0.001,3326.0,1994.0,1.0
3.403,0.054,3.299,3.498,0.001,0.001,3087.0,1799.0,1.0
3.072,0.055,2.975,3.181,0.001,0.001,2988.0,1774.0,1.0
2.706,0.061,2.589,2.817,0.001,0.001,2736.0,1720.0,1.0
2.155,0.068,2.028,2.286,0.001,0.001,2443.0,1769.0,1.0
1.634,0.077,1.487,1.781,0.001,0.001,3159.0,1908.0,1.0
0.848,0.103,0.662,1.041,0.002,0.001,2731.0,1974.0,1.0
0.015,0.145,-0.257,0.282,0.003,0.003,2751.0,1742.0,1.0
-1.516,0.279,-2.025,-0.987,0.005,0.004,3161.0,1700.0,1.0
-3.241,0.566,-4.292,-2.211,0.011,0.008,2618.0,1801.0,1.0
-4.703,0.926,-6.357,-3.053,0.028,0.02,1096.0,1460.0,1.01
-5.473,1.095,-7.613,-3.652,0.032,0.022,1204.0,1297.0,1.0
-5.864,1.232,-8.194,-3.749,0.032,0.023,1591.0,1500.0,1.0
-5.975,1.213,-8.22,-3.903,0.031,0.023,1740.0,1266.0,1.0
-5.866,1.187,-8.132,-3.835,0.028,0.021,1970.0,1513.0,1.0
-5.456,1.165,-7.511,-3.243,0.022,0.017,3314.0,1402.0,1.0
3.644,0.058,3.537,3.755,0.001,0.001,2404.0,1956.0,1.0
3.804,0.053,3.705,3.904,0.001,0.001,2206.0,1834.0,1.0
3.674,0.054,3.57,3.768,0.001,0.001,2659.0,1791.0,1.0
3.397,0.055,3.292,3.49,0.001,0.001,2878.0,1683.0,1.0
3.067,0.056,2.962,3.169,0.001,0.001,2569.0,1659.0,1.0
2.698,0.061,2.593,2.817,0.001,0.001,2382.0,1667.0,1.0
2.148,0.068,2.019,2.282,0.001,0.001,2331.0,1646.0,1.0
1.629,0.077,1.48,1.773,0.001,0.001,3159.0,1945.0,1.0
0.841,0.103,0.658,1.037,0.002,0.001,2754.0,1905.0,1.0
0.007,0.146,-0.267,0.278,0.003,0.003,2751.0,1533.0,1.0
-1.524,0.279,-2.022,-1.001,0.005,0.004,3111.0,1841.0,1.0
-3.25,0.565,-4.352,-2.276,0.011,0.008,2608.0,1800.0,1.0
-4.712,0.926,-6.374,-3.071,0.028,0.02,1095.0,1449.0,1.01
-5.482,1.095,-7.61,-3.658,0.032,0.022,1213.0,1332.0,1.0
-5.873,1.232,-8.132,-3.684,0.032,0.023,1588.0,1502.0,1.0
-5.984,1.214,-8.242,-3.906,0.031,0.023,1738.0,1284.0,1.0
-5.875,1.187,-8.121,-3.826,0.028,0.021,1979.0,1517.0,1.0
-5.465,1.165,-7.64,-3.375,0.022,0.017,3316.0,1393.0,1.0
3.639,0.059,3.541,3.762,0.001,0.001,2195.0,1668.0,1.0
3.799,0.053,3.698,3.896,0.001,0.001,2155.0,1686.0,1.0
3.668,0.054,3.563,3.762,0.001,0.001,2876.0,1950.0,1.0
3.394,0.054,3.298,3.502,0.001,0.001,2769.0,1645.0,1.0
3.063,0.056,2.956,3.164,0.001,0.001,2476.0,1919.0,1.0
2.692,0.062,2.586,2.817,0.001,0.001,2313.0,1903.0,1.0
2.143,0.068,2.013,2.27,0.001,0.001,2258.0,1817.0,1.0
1.627,0.079,1.491,1.787,0.001,0.001,3006.0,1741.0,1.01
0.838,0.103,0.645,1.026,0.002,0.001,2783.0,1949.0,1.0
0.002,0.146,-0.284,0.264,0.003,0.003,2813.0,1562.0,1.0
-1.53,0.279,-2.063,-1.032,0.005,0.004,3088.0,1786.0,1.0
-3.256,0.565,-4.301,-2.229,0.011,0.008,2641.0,1722.0,1.0
-4.718,0.927,-6.367,-3.08,0.028,0.02,1099.0,1463.0,1.01
-5.488,1.094,-7.546,-3.596,0.032,0.022,1217.0,1280.0,1.0
-5.879,1.233,-8.203,-3.756,0.032,0.023,1573.0,1499.0,1.0
-5.99,1.214,-8.222,-3.906,0.031,0.023,1750.0,1195.0,1.0
-5.881,1.186,-8.115,-3.835,0.028,0.021,1974.0,1517.0,1.0
-5.471,1.166,-7.653,-3.383,0.022,0.017,3237.0,1393.0,1.0
3.64,0.059,3.537,3.753,0.001,0.001,2171.0,1791.0,1.0
3.797,0.054,3.699,3.904,0.001,0.001,2307.0,1851.0,1.0
3.667,0.054,3.565,3.767,0.001,0.001,2799.0,1765.0,1.0
3.394,0.055,3.3,3.502,0.001,0.001,3168.0,1664.0,1.0
3.064,0.056,2.964,3.172,0.001,0.001,2502.0,1885.0,1.0
2.69,0.062,2.57,2.807,0.001,0.001,2586.0,2155.0,1.0
2.143,0.067,2.018,2.277,0.001,0.001,2487.0,2037.0,1.0
1.629,0.078,1.481,1.779,0.001,0.001,3159.0,1896.0,1.0
0.838,0.102,0.66,1.035,0.002,0.001,2982.0,1866.0,1.0
0.0,0.147,-0.285,0.27,0.003,0.003,2828.0,1647.0,1.0
-1.532,0.278,-2.051,-1.029,0.005,0.004,3043.0,1860.0,1.0
-3.258,0.566,-4.301,-2.22,0.011,0.008,2673.0,1730.0,1.0
-4.719,0.928,-6.393,-3.091,0.028,0.02,1104.0,1427.0,1.01
-5.49,1.095,-7.691,-3.758,0.032,0.023,1210.0,1352.0,1.0
-5.88,1.234,-8.258,-3.814,0.032,0.023,1581.0,1526.0,1.0
-5.991,1.215,-8.211,-3.896,0.031,0.023,1723.0,1195.0,1.0
-5.883,1.187,-8.205,-3.926,0.028,0.021,1973.0,1493.0,1.0
-5.472,1.167,-7.671,-3.401,0.022,0.017,3243.0,1402.0,1.0
3.64,0.059,3.532,3.75,0.001,0.001,2117.0,1260.0,1.0
3.795,0.056,3.688,3.898,0.001,0.001,2163.0,1855.0,1.0
3.666,0.054,3.562,3.766,0.001,0.001,2634.0,1673.0,1.0
3.393,0.056,3.292,3.503,0.001,0.001,2905.0,1802.0,1.0
3.063,0.058,2.964,3.182,0.001,0.001,2668.0,1962.0,1.0
2.687,0.063,2.567,2.802,0.001,0.001,2550.0,1928.0,1.0
2.142,0.07,2.011,2.271,0.001,0.001,2396.0,2036.0,1.0
1.629,0.079,1.482,1.778,0.002,0.001,2715.0,1612.0,1.0
0.837,0.103,0.671,1.046,0.002,0.001,2756.0,1941.0,1.0
-0.002,0.147,-0.292,0.258,0.003,0.003,2744.0,1802.0,1.0
-1.536,0.278,-2.044,-1.017,0.005,0.004,3071.0,1903.0,1.0
-3.261,0.565,-4.302,-2.225,0.011,0.008,2673.0,1698.0,1.0
-4.723,0.927,-6.403,-3.101,0.028,0.02,1108.0,1438.0,1.01
-5.493,1.095,-7.669,-3.749,0.032,0.022,1216.0,1296.0,1.0
-5.883,1.234,-8.269,-3.844,0.032,0.023,1610.0,1512.0,1.0
-5.994,1.214,-8.247,-3.929,0.031,0.023,1728.0,1210.0,1.0
-5.886,1.188,-8.202,-3.904,0.028,0.021,1990.0,1517.0,1.0
-5.475,1.166,-7.655,-3.406,0.022,0.017,3243.0,1414.0,1.0
3.641,0.058,3.538,3.751,0.001,0.001,2069.0,1855.0,1.0
3.795,0.056,3.692,3.903,0.001,0.001,2124.0,1968.0,1.0
3.664,0.054,3.566,3.764,0.001,0.001,2682.0,1665.0,1.0
3.395,0.055,3.288,3.493,0.001,0.001,2824.0,1664.0,1.0
3.064,0.058,2.951,3.166,0.001,0.001,2677.0,1813.0,1.0
2.687,0.064,2.573,2.808,0.001,0.001,2568.0,1493.0,1.0
2.144,0.07,2.002,2.266,0.001,0.001,2287.0,1995.0,1.0
1.629,0.08,1.484,1.785,0.002,0.001,2515.0,1676.0,1.0
0.835,0.103,0.638,1.021,0.002,0.001,2821.0,1938.0,1.0
-0.003,0.146,-0.277,0.267,0.003,0.003,2774.0,1773.0,1.0
-1.537,0.279,-2.07,-1.036,0.005,0.004,3013.0,1883.0,1.0
-3.263,0.565,-4.328,-2.253,0.011,0.008,2675.0,1686.0,1.0
-4.724,0.926,-6.436,-3.119,0.028,0.02,1111.0,1356.0,1.01
-5.495,1.093,-7.66,-3.752,0.032,0.022,1217.0,1315.0,1.0
-5.884,1.233,-8.202,-3.767,0.032,0.023,1591.0,1492.0,1.0
-5.995,1.215,-8.244,-3.914,0.031,0.023,1724.0,1211.0,1.0
-5.888,1.188,-8.138,-3.829,0.028,0.021,1996.0,1461.0,1.0
-5.477,1.167,-7.576,-3.306,0.022,0.017,3252.0,1393.0,1.0
3.639,0.058,3.524,3.736,0.001,0.001,1985.0,1920.0,1.0
3.792,0.057,3.684,3.894,0.001,0.001,2276.0,1833.0,1.0
3.664,0.055,3.561,3.761,0.001,0.001,2359.0,1996.0,1.0
3.395,0.055,3.298,3.507,0.001,0.001,2382.0,1932.0,1.0
3.062,0.059,2.948,3.166,0.001,0.001,2422.0,1924.0,1.0
2.685,0.064,2.565,2.805,0.001,0.001,2342.0,1822.0,1.0
2.144,0.07,2.014,2.284,0.002,0.001,2154.0,1974.0,1.0
1.629,0.08,1.47,1.773,0.002,0.001,2610.0,1714.0,1.0
0.832,0.103,0.628,1.012,0.002,0.001,2844.0,1952.0,1.0
-0.005,0.147,-0.275,0.273,0.003,0.003,2729.0,1603.0,1.0
-1.54,0.28,-2.077,-1.032,0.005,0.004,3015.0,1761.0,1.0
-3.266,0.566,-4.346,-2.269,0.011,0.008,2648.0,1736.0,1.0
-4.728,0.926,-6.403,-3.107,0.028,0.02,1103.0,1398.0,1.01
-5.498,1.093,-7.637,-3.733,0.032,0.022,1204.0,1215.0,1.0
-5.887,1.233,-8.199,-3.786,0.032,0.023,1556.0,1492.0,1.0
-5.998,1.216,-8.226,-3.899,0.031,0.023,1725.0,1196.0,1.0
-5.89,1.188,-8.071,-3.769,0.028,0.021,1984.0,1461.0,1.0
-5.479,1.168,-7.666,-3.379,0.022,0.017,3330.0,1389.0,1.0
3.64,0.058,3.526,3.739,0.001,0.001,1894.0,1972.0,1.0
3.792,0.057,3.685,3.894,0.001,0.001,2364.0,1803.0,1.0
3.667,0.055,3.557,3.76,0.001,0.001,2692.0,1782.0,1.0
3.398,0.056,3.292,3.505,0.001,0.001,2705.0,2035.0,1.0
3.063,0.059,2.944,3.166,0.001,0.001,2255.0,1802.0,1.0
2.687,0.064,2.562,2.804,0.001,0.001,2345.0,1712.0,1.0
2.149,0.071,2.016,2.281,0.002,0.001,2058.0,1510.0,1.0
1.631,0.08,1.487,1.788,0.002,0.001,2740.0,1841.0,1.0
0.834,0.103,0.647,1.034,0.002,0.001,2996.0,1875.0,1.0
-0.004,0.146,-0.294,0.259,0.003,0.003,2675.0,1743.0,1.0
-1.54,0.28,-2.054,-1.026,0.005,0.004,2985.0,1840.0,1.0
-3.266,0.567,-4.357,-2.272,0.011,0.008,2625.0,1735.0,1.0
-4.728,0.927,-6.371,-3.087,0.028,0.02,1102.0,1472.0,1.01
-5.497,1.093,-7.686,-3.771,0.032,0.022,1201.0,1215.0,1.0
-5.887,1.232,-8.218,-3.815,0.032,0.023,1560.0,1510.0,1.0
-5.998,1.215,-8.096,-3.759,0.031,0.023,1755.0,1196.0,1.0
-5.89,1.188,-8.039,-3.732,0.028,0.021,1990.0,1462.0,1.0
-5.479,1.169,-7.565,-3.29,0.022,0.017,3247.0,1398.0,1.0
3.64,0.059,3.535,3.754,0.001,0.001,1913.0,1700.0,1.0
3.793,0.054,3.685,3.887,0.001,0.001,2352.0,1974.0,1.0
3.67,0.055,3.56,3.766,0.001,0.001,2758.0,1996.0,1.0
3.4,0.056,3.296,3.507,0.001,0.001,2707.0,1767.0,1.0
3.062,0.059,2.951,3.171,0.001,0.001,2356.0,2103.0,1.0
2.688,0.063,2.567,2.807,0.001,0.001,2401.0,2062.0,1.0
2.153,0.071,2.022,2.289,0.002,0.001,1940.0,1921.0,1.0
1.633,0.08,1.48,1.779,0.002,0.001,2654.0,1745.0,1.0
0.834,0.102,0.645,1.027,0.002,0.001,2936.0,2084.0,1.0
-0.004,0.145,-0.304,0.244,0.003,0.003,2659.0,1514.0,1.0
-1.54,0.279,-2.031,-1.006,0.005,0.004,2946.0,1826.0,1.0
-3.266,0.567,-4.368,-2.28,0.011,0.008,2636.0,1735.0,1.0
-4.728,0.928,-6.349,-3.067,0.028,0.02,1098.0,1449.0,1.01
-5.497,1.095,-7.667,-3.755,0.032,0.023,1205.0,1215.0,1.0
-5.886,1.231,-8.195,-3.782,0.032,0.023,1568.0,1492.0,1.0
-5.998,1.213,-8.266,-3.93,0.031,0.023,1717.0,1226.0,1.0
-5.89,1.187,-8.007,-3.707,0.028,0.021,1990.0,1463.0,1.0
-5.479,1.168,-7.547,-3.275,0.022,0.017,3256.0,1398.0,1.0
3.644,0.057,3.536,3.746,0.001,0.001,2039.0,1957.0,1.0
3.798,0.053,3.698,3.896,0.001,0.001,2618.0,1815.0,1.0
3.675,0.053,3.579,3.78,0.001,0.001,2892.0,2014.0,1.0
3.406,0.054,3.301,3.505,0.001,0.001,2692.0,1828.0,1.0
3.066,0.057,2.957,3.168,0.001,0.001,2640.0,2154.0,1.0
2.694,0.062,2.583,2.815,0.001,0.001,2622.0,2040.0,1.0
2.159,0.07,2.018,2.282,0.002,0.001,2027.0,2024.0,1.0
1.639,0.079,1.496,1.791,0.001,0.001,2790.0,1777.0,1.0
0.838,0.101,0.662,1.04,0.002,0.001,2917.0,1875.0,1.0
-0.002,0.145,-0.288,0.261,0.003,0.003,2795.0,1502.0,1.0
-1.536,0.279,-2.043,-1.018,0.005,0.004,2900.0,1918.0,1.0
-3.262,0.566,-4.323,-2.244,0.011,0.008,2659.0,1764.0,1.0
-4.725,0.928,-6.36,-3.075,0.028,0.02,1107.0,1438.0,1.01
-5.493,1.096,-7.653,-3.737,0.032,0.022,1211.0,1245.0,1.0
-5.883,1.232,-8.204,-3.799,0.032,0.023,1580.0,1510.0,1.0
-5.995,1.213,-8.113,-3.777,0.031,0.023,1725.0,1243.0,1.0
-5.886,1.188,-8.13,-3.834,0.028,0.021,1992.0,1424.0,1.0
-5.475,1.167,-7.544,-3.278,0.022,0.017,3265.0,1381.0,1.0
3.648,0.056,3.547,3.754,0.001,0.001,2114.0,2041.0,1.0
3.802,0.053,3.7,3.899,0.001,0.001,2657.0,1797.0,1.0
3.682,0.052,3.585,3.777,0.001,0.001,2964.0,1932.0,1.0
3.412,0.053,3.318,3.519,0.001,0.001,2849.0,1776.0,1.0
3.071,0.057,2.961,3.172,0.001,0.001,2822.0,2152.0,1.0
2.701,0.062,2.58,2.813,0.001,0.001,2791.0,1845.0,1.0
2.164,0.069,2.026,2.286,0.001,0.001,2322.0,1944.0,1.0
1.642,0.079,1.482,1.784,0.002,0.001,2671.0,1811.0,1.0
0.843,0.101,0.644,1.022,0.002,0.001,2801.0,1931.0,1.0
0.002,0.145,-0.271,0.269,0.003,0.003,2800.0,1795.0,1.0
-1.533,0.279,-2.06,-1.036,0.005,0.004,2943.0,1876.0,1.0
-3.259,0.566,-4.321,-2.247,0.011,0.008,2661.0,1782.0,1.0
-4.721,0.927,-6.354,-3.08,0.028,0.02,1110.0,1469.0,1.01
-5.489,1.094,-7.597,-3.669,0.032,0.022,1207.0,1296.0,1.0
-5.878,1.231,-8.228,-3.815,0.032,0.023,1597.0,1516.0,1.0
-5.991,1.213,-8.095,-3.771,0.031,0.023,1721.0,1260.0,1.0
-5.883,1.187,-8.133,-3.834,0.028,0.021,1989.0,1491.0,1.0
-5.471,1.166,-7.563,-3.289,0.022,0.017,3255.0,1342.0,1.0
3.654,0.056,3.544,3.748,0.001,0.001,1946.0,2060.0,1.0
3.809,0.054,3.706,3.91,0.001,0.001,2857.0,1775.0,1.0
3.689,0.053,3.582,3.779,0.001,0.001,2908.0,1883.0,1.0
3.417,0.053,3.321,3.517,0.001,0.001,2974.0,1792.0,1.0
3.076,0.057,2.969,3.182,0.001,0.001,2988.0,1855.0,1.0
2.708,0.061,2.588,2.82,0.001,0.001,2666.0,1954.0,1.0
2.171,0.069,2.042,2.306,0.001,0.001,2380.0,2021.0,1.0
1.646,0.079,1.503,1.795,0.002,0.001,2681.0,1745.0,1.0
0.847,0.1,0.65,1.025,0.002,0.001,2690.0,1769.0,1.0
0.006,0.144,-0.268,0.27,0.003,0.003,2786.0,1781.0,1.0
-1.529,0.279,-2.043,-1.028,0.005,0.004,3109.0,1894.0,1.0
-3.255,0.566,-4.303,-2.241,0.011,0.008,2660.0,1763.0,1.0
-4.716,0.928,-6.359,-3.078,0.028,0.02,1108.0,1438.0,1.01
-5.485,1.095,-7.598,-3.673,0.032,0.022,1207.0,1351.0,1.0
-5.874,1.232,-8.21,-3.796,0.032,0.023,1547.0,1492.0,1.0
-5.986,1.213,-8.204,-3.877,0.031,0.023,1733.0,1260.0,1.0
-5.878,1.187,-8.143,-3.843,0.028,0.021,1995.0,1433.0,1.0
-5.467,1.166,-7.753,-3.487,0.022,0.017,3265.0,1342.0,1.0
3.657,0.056,3.553,3.761,0.001,0.001,1864.0,1927.0,1.01
3.814,0.054,3.714,3.915,0.001,0.001,2616.0,1775.0,1.0
3.694,0.053,3.591,3.79,0.001,0.001,2995.0,1919.0,1.0
3.42,0.052,3.32,3.516,0.001,0.001,2679.0,1838.0,1.0
3.08,0.057,2.967,3.177,0.001,0.001,2764.0,1754.0,1.0
2.716,0.062,2.607,2.837,0.001,0.001,2689.0,1811.0,1.0
2.176,0.07,2.043,2.313,0.001,0.001,2353.0,1805.0,1.0
1.65,0.078,1.5,1.789,0.002,0.001,2661.0,1946.0,1.0
0.851,0.1,0.68,1.051,0.002,0.001,2564.0,1771.0,1.0
0.009,0.142,-0.256,0.279,0.003,0.003,2725.0,1986.0,1.0
-1.527,0.279,-2.042,-1.017,0.005,0.004,3115.0,1886.0,1.0
-3.253,0.567,-4.315,-2.238,0.011,0.008,2647.0,1767.0,1.0
-4.714,0.928,-6.348,-3.053,0.028,0.02,1104.0,1417.0,1.01
-5.482,1.095,-7.63,-3.702,0.032,0.022,1216.0,1317.0,1.0
-5.872,1.232,-8.22,-3.806,0.032,0.023,1553.0,1550.0,1.0
-5.984,1.214,-8.222,-3.889,0.031,0.023,1734.0,1259.0,1.0
-5.875,1.187,-8.076,-3.774,0.028,0.021,2000.0,1467.0,1.0
-5.464,1.165,-7.639,-3.369,0.022,0.017,3324.0,1342.0,1.0
3.662,0.057,3.547,3.761,0.001,0.001,1965.0,1988.0,1.0
3.822,0.054,3.712,3.915,0.001,0.001,2696.0,1724.0,1.0
3.702,0.054,3.598,3.802,0.001,0.001,2888.0,1890.0,1.0
3.425,0.053,3.318,3.518,0.001,0.001,2721.0,1838.0,1.0
3.087,0.058,2.981,3.193,0.001,0.001,2895.0,2041.0,1.0
2.725,0.063,2.595,2.837,0.001,0.001,2814.0,1924.0,1.0
2.183,0.07,2.045,2.311,0.001,0.001,2499.0,1725.0,1.0
1.656,0.078,1.494,1.789,0.001,0.001,3074.0,1914.0,1.0
0.856,0.1,0.667,1.036,0.002,0.001,2649.0,1767.0,1.0
0.014,0.143,-0.238,0.29,0.003,0.003,2748.0,1820.0,1.0
-1.521,0.278,-2.033,-1.016,0.005,0.004,3031.0,1963.0,1.0
-3.248,0.567,-4.317,-2.259,0.011,0.008,2656.0,1837.0,1.0
-4.708,0.929,-6.377,-3.071,0.028,0.02,1111.0,1427.0,1.01
-5.476,1.096,-7.566,-3.665,0.032,0.022,1213.0,1316.0,1.0
-5.866,1.233,-8.199,-3.769,0.032,0.023,1599.0,1535.0,1.0
-5.978,1.215,-8.155,-3.819,0.031,0.023,1770.0,1257.0,1.0
-5.87,1.189,-8.107,-3.794,0.028,0.021,2001.0,1445.0,1.0
-5.458,1.169,-7.773,-3.482,0.022,0.017,3339.0,1339.0,1.0
3.669,0.057,3.558,3.77,0.001,0.001,2128.0,1959.0,1.0
3.83,0.054,3.721,3.923,0.001,0.001,2896.0,1826.0,1.0
3.709,0.054,3.614,3.817,0.001,0.001,3025.0,1854.0,1.0
3.43,0.053,3.328,3.529,0.001,0.001,2928.0,1936.0,1.0
3.094,0.058,2.983,3.2,0.001,0.001,2975.0,1884.0,1.0
2.733,0.062,2.616,2.849,0.001,0.001,2851.0,1776.0,1.0
2.19,0.07,2.059,2.323,0.001,0.001,2467.0,2032.0,1.0
1.662,0.079,1.516,1.808,0.001,0.001,3078.0,2086.0,1.0
0.86,0.101,0.676,1.052,0.002,0.001,2575.0,1845.0,1.0
0.02,0.143,-0.261,0.272,0.003,0.003,2769.0,1985.0,1.0
-1.516,0.278,-2.02,-1.004,0.005,0.004,2991.0,2093.0,1.0
-3.243,0.567,-4.316,-2.229,0.011,0.008,2671.0,1835.0,1.0
-4.703,0.928,-6.481,-3.178,0.028,0.02,1111.0,1449.0,1.01
-5.471,1.095,-7.575,-3.665,0.032,0.022,1207.0,1374.0,1.0
-5.861,1.233,-8.15,-3.706,0.032,0.023,1552.0,1516.0,1.0
-5.973,1.215,-8.153,-3.822,0.031,0.023,1769.0,1241.0,1.0
-5.864,1.189,-8.078,-3.784,0.028,0.021,2009.0,1455.0,1.0
-5.453,1.169,-7.537,-3.247,0.022,0.017,3343.0,1339.0,1.0
3.679,0.056,3.581,3.786,0.001,0.001,2109.0,1958.0,1.0
3.841,0.052,3.749,3.94,0.001,0.001,3171.0,1940.0,1.0
3.72,0.052,3.629,3.822,0.001,0.001,3052.0,1837.0,1.0
3.441,0.051,3.342,3.531,0.001,0.001,2806.0,1803.0,1.0
3.106,0.057,2.989,3.203,0.001,0.001,2945.0,1883.0,1.0
2.743,0.061,2.627,2.854,0.001,0.001,2946.0,1827.0,1.0
2.199,0.069,2.059,2.323,0.001,0.001,2280.0,1918.0,1.0
1.671,0.078,1.53,1.821,0.001,0.001,2748.0,1882.0,1.0
0.869,0.101,0.679,1.059,0.002,0.001,2521.0,1605.0,1.0
0.028,0.143,-0.262,0.268,0.003,0.003,2708.0,1903.0,1.0
-1.508,0.278,-2.012,-0.999,0.005,0.004,3013.0,2047.0,1.0
-3.234,0.568,-4.304,-2.209,0.011,0.008,2713.0,1836.0,1.0
-4.694,0.927,-6.367,-3.078,0.028,0.02,1117.0,1473.0,1.01
-5.462,1.094,-7.57,-3.667,0.032,0.022,1212.0,1374.0,1.0
-5.853,1.233,-8.24,-3.789,0.032,0.023,1563.0,1525.0,1.0
-5.964,1.216,-8.183,-3.843,0.031,0.023,1768.0,1310.0,1.0
-5.856,1.189,-7.953,-3.653,0.028,0.021,2018.0,1490.0,1.0
-5.445,1.169,-7.552,-3.281,0.022,0.017,3315.0,1358.0,1.0
3.684,0.057,3.58,3.788,0.001,0.001,2078.0,1954.0,1.0
3.849,0.052,3.753,3.949,0.001,0.001,2897.0,1827.0,1.0
3.726,0.052,3.622,3.817,0.001,0.001,2891.0,1502.0,1.0
3.446,0.053,3.351,3.552,0.001,0.001,2825.0,1960.0,1.0
3.114,0.057,3.013,3.223,0.001,0.001,2741.0,1747.0,1.0
2.75,0.062,2.635,2.864,0.001,0.001,2923.0,1861.0,1.0
2.204,0.071,2.08,2.342,0.001,0.001,2440.0,1873.0,1.0
1.677,0.079,1.531,1.822,0.001,0.001,3097.0,2112.0,1.0
0.874,0.102,0.685,1.068,0.002,0.001,2713.0,1896.0,1.0
0.032,0.144,-0.239,0.289,0.003,0.003,2657.0,1800.0,1.0
-1.503,0.279,-2.012,-0.984,0.005,0.004,2986.0,1921.0,1.0
-3.229,0.568,-4.352,-2.258,0.011,0.008,2711.0,1836.0,1.0
-4.689,0.925,-6.314,-3.055,0.028,0.02,1109.0,1424.0,1.01
-5.457,1.093,-7.598,-3.691,0.032,0.022,1202.0,1437.0,1.0
-5.847,1.231,-8.199,-3.771,0.032,0.023,1577.0,1535.0,1.0
-5.959,1.216,-8.209,-3.861,0.031,0.023,1733.0,1309.0,1.0
-5.851,1.189,-7.957,-3.655,0.028,0.021,2006.0,1514.0,1.0
-5.44,1.169,-7.522,-3.229,0.022,0.017,3301.0,1378.0,1.0
3.692,0.056,3.592,3.8,0.001,0.001,2170.0,1907.0,1.0
3.857,0.051,3.762,3.957,0.001,0.001,2980.0,1890.0,1.0
3.732,0.052,3.636,3.83,0.001,0.001,2824.0,1801.0,1.0
3.454,0.053,3.355,3.556,0.001,0.001,2831.0,1873.0,1.0
3.125,0.056,3.025,3.233,0.001,0.001,2740.0,1683.0,1.0
2.758,0.062,2.632,2.867,0.001,0.001,2868.0,1921.0,1.0
2.211,0.071,2.089,2.348,0.001,0.001,2489.0,2044.0,1.0
1.684,0.08,1.539,1.832,0.002,0.001,2798.0,2049.0,1.0
0.88,0.103,0.678,1.07,0.002,0.001,2817.0,1877.0,1.0
0.038,0.143,-0.226,0.307,0.003,0.003,2771.0,1845.0,1.0
-1.498,0.28,-2.021,-0.994,0.005,0.004,3035.0,2000.0,1.0
-3.223,0.568,-4.285,-2.196,0.011,0.008,2708.0,1811.0,1.0
-4.683,0.925,-6.31,-3.049,0.028,0.02,1125.0,1495.0,1.01
-5.451,1.093,-7.598,-3.689,0.032,0.022,1208.0,1356.0,1.0
-5.841,1.232,-8.009,-3.564,0.032,0.023,1599.0,1511.0,1.0
-5.953,1.216,-8.272,-3.934,0.031,0.023,1744.0,1291.0,1.0
-5.844,1.189,-7.963,-3.672,0.028,0.021,1999.0,1459.0,1.0
-5.433,1.169,-7.583,-3.291,0.022,0.017,3345.0,1378.0,1.0
3.701,0.056,3.598,3.807,0.001,0.001,2206.0,1894.0,1.0
3.865,0.052,3.76,3.959,0.001,0.001,2787.0,1719.0,1.0
3.737,0.052,3.638,3.831,0.001,0.001,2774.0,1947.0,1.0
3.461,0.053,3.361,3.561,0.001,0.001,2822.0,1604.0,1.0
3.134,0.058,3.022,3.238,0.001,0.001,2824.0,1769.0,1.0
2.766,0.064,2.638,2.881,0.001,0.001,2731.0,1638.0,1.0
2.217,0.071,2.087,2.35,0.001,0.001,2332.0,1915.0,1.0
1.689,0.08,1.536,1.833,0.002,0.001,2721.0,2022.0,1.0
0.886,0.103,0.682,1.071,0.002,0.001,2743.0,1906.0,1.0
0.044,0.145,-0.214,0.324,0.003,0.003,2824.0,1914.0,1.0
-1.492,0.28,-2.008,-0.987,0.005,0.004,3073.0,1922.0,1.0
-3.217,0.569,-4.259,-2.189,0.011,0.008,2745.0,1867.0,1.0
-4.677,0.924,-6.336,-3.059,0.027,0.019,1134.0,1477.0,1.01
-5.445,1.093,-7.559,-3.662,0.032,0.022,1214.0,1355.0,1.0
-5.836,1.232,-8.183,-3.731,0.032,0.023,1595.0,1451.0,1.0
-5.947,1.215,-8.207,-3.867,0.031,0.023,1760.0,1241.0,1.0
-5.838,1.19,-7.973,-3.678,0.028,0.021,2008.0,1488.0,1.0
-5.428,1.169,-7.524,-3.212,0.022,0.017,3367.0,1378.0,1.0
3.71,0.057,3.611,3.822,0.001,0.001,2457.0,2017.0,1.0
3.875,0.053,3.775,3.972,0.001,0.001,2714.0,1969.0,1.0
3.744,0.053,3.642,3.84,0.001,0.001,2862.0,1961.0,1.0
3.47,0.054,3.372,3.574,0.001,0.001,2832.0,2010.0,1.0
3.144,0.059,3.029,3.252,0.001,0.001,2557.0,1933.0,1.0
2.775,0.065,2.652,2.903,0.001,0.001,2669.0,1747.0,1.0
2.224,0.072,2.096,2.363,0.002,0.001,2178.0,1760.0,1.0
1.695,0.082,1.55,1.855,0.002,0.001,2664.0,1831.0,1.0
0.892,0.103,0.693,1.073,0.002,0.001,2595.0,1638.0,1.0
0.05,0.145,-0.204,0.33,0.003,0.003,2785.0,1809.0,1.0
-1.486,0.28,-2.014,-0.989,0.005,0.004,3103.0,1967.0,1.0
-3.21,0.569,-4.232,-2.144,0.011,0.008,2698.0,1856.0,1.0
-4.669,0.923,-6.328,-3.06,0.027,0.019,1134.0,1479.0,1.01
-5.439,1.092,-7.543,-3.666,0.031,0.022,1213.0,1337.0,1.0
-5.829,1.231,-8.031,-3.589,0.032,0.023,1603.0,1464.0,1.0
-5.94,1.213,-8.093,-3.769,0.031,0.023,1773.0,1239.0,1.0
-5.832,1.19,-7.93,-3.634,0.028,0.021,2007.0,1465.0,1.0
-5.421,1.169,-7.521,-3.219,0.022,0.017,3357.0,1419.0,1.0
3.717,0.057,3.615,3.825,0.001,0.001,2525.0,2086.0,1.0
3.882,0.054,3.783,3.986,0.001,0.001,2679.0,1920.0,1.0
3.751,0.055,3.649,3.852,0.001,0.001,2872.0,1838.0,1.0
3.478,0.056,3.38,3.588,0.001,0.001,2650.0,1876.0,1.0
3.15,0.061,3.034,3.261,0.001,0.001,2433.0,1834.0,1.0
2.78,0.066,2.657,2.907,0.001,0.001,2576.0,1667.0,1.0
2.23,0.073,2.095,2.371,0.002,0.001,2164.0,1831.0,1.0
1.7,0.082,1.542,1.852,0.002,0.001,2418.0,2053.0,1.0
0.897,0.104,0.698,1.088,0.002,0.001,2569.0,1767.0,1.0
0.055,0.146,-0.213,0.321,0.003,0.003,2799.0,1848.0,1.0
-1.48,0.28,-1.998,-0.97,0.005,0.004,3100.0,1963.0,1.0
-3.204,0.569,-4.253,-2.178,0.011,0.008,2708.0,1870.0,1.0
-4.664,0.924,-6.368,-3.099,0.027,0.019,1141.0,1434.0,1.01
-5.434,1.093,-7.536,-3.64,0.032,0.022,1209.0,1299.0,1.0
-5.824,1.232,-8.117,-3.688,0.032,0.023,1606.0,1465.0,1.0
-5.935,1.214,-8.119,-3.808,0.031,0.023,1759.0,1257.0,1.0
-5.827,1.191,-7.872,-3.571,0.028,0.021,2001.0,1434.0,1.0
-5.415,1.169,-7.736,-3.432,0.022,0.017,3302.0,1378.0,1.0
3.725,0.058,3.621,3.834,0.001,0.001,2181.0,1948.0,1.0
3.888,0.056,3.778,3.984,0.001,0.001,2476.0,1861.0,1.0
3.757,0.055,3.653,3.865,0.001,0.001,2472.0,1758.0,1.0
3.486,0.058,3.382,3.595,0.001,0.001,2179.0,1608.0,1.0
3.158,0.06,3.047,3.274,0.001,0.001,2031.0,1844.0,1.0
2.785,0.067,2.659,2.91,0.001,0.001,2475.0,1663.0,1.0
2.236,0.074,2.109,2.379,0.002,0.001,1973.0,2015.0,1.0
1.705,0.083,1.554,1.866,0.002,0.001,2080.0,2057.0,1.0
0.901,0.107,0.708,1.106,0.002,0.002,2520.0,1904.0,1.0
0.06,0.147,-0.199,0.343,0.003,0.003,2774.0,1918.0,1.0
-1.475,0.281,-1.993,-0.963,0.005,0.004,3137.0,1964.0,1.0
-3.2,0.569,-4.276,-2.198,0.011,0.008,2704.0,1836.0,1.0
-4.659,0.925,-6.293,-3.037,0.027,0.019,1142.0,1507.0,1.01
-5.428,1.091,-7.539,-3.643,0.032,0.022,1200.0,1338.0,1.0
-5.818,1.232,-8.077,-3.646,0.032,0.023,1591.0,1452.0,1.0
-5.93,1.215,-8.081,-3.754,0.031,0.023,1747.0,1258.0,1.0
-5.821,1.192,-7.875,-3.562,0.028,0.021,1998.0,1433.0,1.0
-5.41,1.171,-7.757,-3.446,0.022,0.017,3305.0,1419.0,1.0
3.732,0.058,3.618,3.835,0.001,0.001,2252.0,2074.0,1.0
3.893,0.055,3.785,3.991,0.001,0.001,2276.0,2029.0,1.0
3.763,0.057,3.646,3.861,0.001,0.001,2472.0,1956.0,1.0
3.495,0.059,3.382,3.599,0.001,0.001,1973.0,1692.0,1.0
3.164,0.062,3.049,3.285,0.001,0.001,1791.0,1856.0,1.0
2.79,0.067,2.661,2.919,0.001,0.001,2235.0,1812.0,1.0
2.241,0.074,2.111,2.387,0.002,0.001,1822.0,1626.0,1.0
1.709,0.084,1.554,1.865,0.002,0.001,2146.0,2006.0,1.0
0.906,0.109,0.713,1.121,0.002,0.002,2561.0,1577.0,1.0
0.064,0.148,-0.199,0.351,0.003,0.003,2759.0,1975.0,1.0
-1.471,0.282,-1.986,-0.957,0.005,0.004,3101.0,2050.0,1.0
-3.195,0.568,-4.276,-2.188,0.011,0.008,2705.0,1871.0,1.0
-4.655,0.924,-6.278,-3.031,0.027,0.019,1141.0,1506.0,1.01
-5.424,1.09,-7.58,-3.691,0.032,0.022,1199.0,1338.0,1.0
-5.814,1.232,-8.165,-3.742,0.032,0.023,1595.0,1487.0,1.0
-5.925,1.215,-8.161,-3.83,0.031,0.023,1731.0,1240.0,1.0
-5.817,1.192,-7.895,-3.579,0.028,0.021,2007.0,1434.0,1.0
-5.406,1.171,-7.66,-3.343,0.022,0.017,3309.0,1463.0,1.0
3.733,0.058,3.619,3.838,0.001,0.001,2216.0,1763.0,1.0
3.89,0.055,3.79,3.997,0.001,0.001,2224.0,1946.0,1.0
3.762,0.057,3.658,3.867,0.001,0.001,2475.0,1595.0,1.0
3.497,0.06,3.39,3.611,0.001,0.001,2173.0,1981.0,1.0
3.165,0.062,3.052,3.284,0.001,0.001,2042.0,1999.0,1.0
2.789,0.068,2.665,2.921,0.001,0.001,2519.0,2001.0,1.0
2.239,0.074,2.106,2.378,0.002,0.001,1905.0,1706.0,1.0
1.707,0.085,1.546,1.862,0.002,0.001,2522.0,2058.0,1.0
0.904,0.108,0.699,1.11,0.002,0.001,2600.0,1780.0,1.0
0.061,0.149,-0.21,0.342,0.003,0.003,2777.0,1955.0,1.0
-1.472,0.281,-1.997,-0.979,0.005,0.004,3098.0,2007.0,1.0
-3.197,0.568,-4.284,-2.198,0.011,0.008,2736.0,1871.0,1.0
-4.657,0.924,-6.33,-3.053,0.027,0.019,1140.0,1506.0,1.01
-5.426,1.091,-7.597,-3.706,0.032,0.022,1200.0,1439.0,1.0
-5.816,1.233,-8.04,-3.579,0.032,0.023,1608.0,1453.0,1.0
-5.927,1.216,-8.087,-3.76,0.031,0.023,1746.0,1302.0,1.0
-5.819,1.192,-7.954,-3.636,0.028,0.021,2012.0,1444.0,1.0
-5.407,1.172,-7.604,-3.291,0.022,0.017,3334.0,1419.0,1.0
3.731,0.058,3.613,3.831,0.001,0.001,2380.0,1795.0,1.0
3.887,0.056,3.78,3.989,0.001,0.001,2440.0,1837.0,1.0
3.761,0.057,3.658,3.874,0.001,0.001,2541.0,2104.0,1.0
3.496,0.06,3.377,3.598,0.001,0.001,2271.0,1931.0,1.0
3.163,0.063,3.042,3.276,0.001,0.001,2050.0,1861.0,1.0
2.785,0.068,2.662,2.922,0.001,0.001,2645.0,2013.0,1.0
2.234,0.075,2.102,2.376,0.002,0.001,2016.0,1843.0,1.0
1.703,0.087,1.544,1.861,0.002,0.001,2693.0,2048.0,1.0
0.9,0.109,0.708,1.118,0.002,0.002,2547.0,1843.0,1.0
0.058,0.149,-0.208,0.343,0.003,0.003,2803.0,1807.0,1.0
-1.476,0.282,-1.992,-0.97,0.005,0.004,3048.0,2047.0,1.0
-3.2,0.567,-4.28,-2.192,0.011,0.008,2702.0,1872.0,1.0
-4.661,0.924,-6.298,-3.053,0.028,0.02,1134.0,1530.0,1.01
-5.43,1.091,-7.531,-3.637,0.032,0.022,1187.0,1299.0,1.0
-5.819,1.233,-8.036,-3.578,0.032,0.023,1583.0,1475.0,1.0
-5.931,1.215,-8.107,-3.782,0.031,0.023,1733.0,1240.0,1.0
-5.822,1.192,-8.142,-3.814,0.028,0.021,2009.0,1444.0,1.0
-5.411,1.171,-7.692,-3.403,0.022,0.017,3323.0,1462.0,1.0
3.724,0.059,3.616,3.837,0.001,0.001,2638.0,1780.0,1.0
3.878,0.057,3.775,3.987,0.001,0.001,2707.0,2014.0,1.0
3.754,0.058,3.636,3.858,0.001,0.001,2818.0,2083.0,1.0
3.488,0.061,3.371,3.599,0.001,0.001,2515.0,1875.0,1.0
3.153,0.064,3.03,3.267,0.001,0.001,2278.0,1898.0,1.0
2.777,0.07,2.647,2.905,0.001,0.001,3017.0,1971.0,1.0
2.224,0.076,2.09,2.368,0.002,0.001,2146.0,1767.0,1.0
1.693,0.089,1.53,1.862,0.002,0.001,2754.0,1850.0,1.0
0.89,0.11,0.698,1.109,0.002,0.002,2617.0,1707.0,1.0
0.048,0.151,-0.22,0.326,0.003,0.003,2848.0,1849.0,1.0
-1.486,0.282,-1.996,-0.967,0.005,0.004,3063.0,2046.0,1.0
-3.209,0.567,-4.305,-2.223,0.011,0.008,2694.0,1734.0,1.0
-4.671,0.924,-6.355,-3.089,0.028,0.02,1125.0,1506.0,1.01
-5.439,1.092,-7.548,-3.676,0.032,0.022,1198.0,1301.0,1.0
-5.829,1.233,-8.255,-3.81,0.032,0.023,1587.0,1463.0,1.0
-5.941,1.216,-8.124,-3.801,0.031,0.023,1747.0,1244.0,1.0
-5.831,1.192,-8.208,-3.88,0.028,0.021,2017.0,1443.0,1.0
-5.421,1.17,-7.498,-3.216,0.022,0.017,3320.0,1486.0,1.0
3.72,0.062,3.6,3.83,0.001,0.001,2476.0,1437.0,1.0
3.873,0.06,3.746,3.975,0.001,0.001,2594.0,1862.0,1.0
3.751,0.061,3.636,3.863,0.001,0.001,3028.0,1888.0,1.0
3.484,0.065,3.366,3.607,0.001,0.001,2570.0,1640.0,1.0
3.147,0.066,3.012,3.257,0.001,0.001,2515.0,1878.0,1.0
2.771,0.071,2.64,2.911,0.001,0.001,2948.0,1974.0,1.0
2.218,0.079,2.08,2.371,0.002,0.001,2267.0,1636.0,1.0
1.687,0.092,1.519,1.867,0.002,0.001,3091.0,1991.0,1.0
0.884,0.112,0.67,1.095,0.002,0.002,2676.0,1711.0,1.0
0.042,0.152,-0.232,0.322,0.003,0.003,2774.0,1548.0,1.0
-1.492,0.283,-2.002,-0.967,0.005,0.004,3054.0,2141.0,1.0
-3.215,0.566,-4.308,-2.24,0.011,0.008,2654.0,1862.0,1.0
-4.676,0.924,-6.316,-3.044,0.028,0.02,1125.0,1539.0,1.01
-5.445,1.092,-7.539,-3.659,0.032,0.022,1203.0,1375.0,1.0
-5.835,1.235,-8.221,-3.773,0.032,0.023,1588.0,1388.0,1.0
-5.946,1.217,-8.13,-3.812,0.031,0.023,1749.0,1243.0,1.0
-5.838,1.193,-8.129,-3.81,0.028,0.021,2016.0,1443.0,1.0
-5.427,1.171,-7.706,-3.409,0.022,0.017,3318.0,1440.0,1.0
20.222,1.537,17.276,23.1,0.02,0.015,5700.0,1263.0,1.0
